43
80
83
223
245
247
288
293
331
364
367
386
394
396
407
414
443
452
459
462
489
491
494
502
515
516
523
532
533
537
539
545
550
550
551
553
556
556
556
559
562
566
569
574
576
582
599
601
601
604
605
606
613
620
621
623
624
626
634
637
643
645
648
656
668
669
669
674
675
676
677
677
679
682
685
685
685
686
688
689
690
704
705
713
716
718
720
724
726
727
730
742
751
757
757
758
759
779
783
784
784
788
788
789
791
792
795
795
796
800
800
803
803
805
807
808
808
812
814
817
820
821
824
826
827
830
831
833
834
837
838
840
842
844
844
845
854
856
857
862
863
864
865
865
866
866
867
870
872
875
875
879
885
887
890
896
897
898
898
899
901
902
902
903
903
912
913
914
914
918
918
918
919
919
920
921
923
923
923
924
926
927
928
928
929
929
931
931
932
932
932
933
934
936
936
937
937
937
939
940
942
947
948
948
949
950
950
951
952
956
956
957
958
958
958
961
964
964
964
966
969
969
971
971
973
973
975
976
976
977
979
979
979
981
983
983
984
984
986
989
993
995
995
996
998
1001
1001
1002
1003
1004
1007
1007
1009
1010
1011
1011
1011
1011
1014
1015
1017
1018
1018
1019
1020
1025
1026
1027
1027
1028
1029
1030
1032
1032
1034
1035
1035
1036
1038
1039
1041
1042
1043
1043
1043
1046
1048
1051
1053
1054
1055
1060
1060
1060
1061
1061
1062
1063
1063
1063
1064
1065
1067
1068
1069
1069
1071
1071
1072
1072
1073
1074
1076
1077
1077
1078
1079
1079
1079
1079
1080
1080
1080
1080
1080
1081
1082
1082
1083
1083
1089
1090
1090
1091
1092
1092
1093
1095
1095
1096
1096
1096
1096
1096
1097
1098
1100
1101
1102
1102
1103
1103
1104
1104
1104
1104
1105
1106
1106
1107
1108
1111
1111
1112
1112
1113
1113
1114
1115
1115
1117
1118
1119
1120
1122
1123
1126
1126
1127
1128
1128
1129
1130
1130
1131
1133
1133
1134
1137
1138
1139
1139
1140
1140
1141
1141
1144
1145
1145
1146
1149
1149
1150
1151
1151
1152
1152
1152
1154
1154
1155
1157
1158
1160
1163
1163
1166
1167
1168
1168
1168
1168
1169
1169
1173
1174
1174
1175
1176
1176
1177
1177
1178
1178
1179
1180
1181
1183
1185
1185
1186
1187
1187
1187
1189
1191
1191
1191
1191
1192
1193
1193
1193
1193
1193
1194
1195
1195
1196
1196
1199
1200
1200
1200
1200
1201
1202
1203
1203
1204
1204
1205
1205
1206
1206
1206
1207
1207
1207
1207
1208
1209
1210
1211
1211
1212
1212
1213
1214
1214
1214
1215
1216
1216
1216
1217
1218
1219
1219
1221
1222
1222
1223
1223
1223
1224
1225
1227
1228
1229
1229
1229
1231
1231
1231
1232
1232
1234
1236
1237
1237
1237
1238
1238
1238
1240
1240
1241
1241
1241
1242
1242
1242
1243
1243
1244
1245
1245
1246
1247
1248
1249
1252
1252
1252
1252
1253
1253
1253
1253
1254
1254
1257
1258
1259
1260
1261
1261
1261
1262
1262
1263
1263
1266
1267
1267
1267
1267
1267
1268
1268
1268
1268
1269
1270
1270
1270
1272
1272
1272
1275
1275
1278
1278
1280
1280
1281
1285
1286
1286
1287
1287
1287
1289
1289
1289
1290
1291
1294
1296
1296
1296
1296
1297
1298
1299
1299
1302
1304
1304
1306
1306
1308
1309
1310
1310
1311
1311
1313
1313
1317
1317
1318
1318
1318
1319
1320
1320
1321
1321
1321
1322
1322
1322
1323
1323
1324
1324
1325
1327
1328
1329
1329
1330
1330
1331
1331
1333
1335
1335
1336
1337
1337
1338
1338
1339
1340
1340
1340
1342
1344
1346
1347
1347
1347
1348
1348
1349
1350
1350
1351
1352
1354
1354
1354
1355
1355
1355
1356
1356
1356
1356
1358
1358
1359
1359
1359
1360
1360
1360
1360
1361
1362
1362
1363
1364
1365
1365
1366
1366
1367
1369
1369
1369
1370
1370
1371
1371
1371
1373
1373
1374
1374
1375
1377
1377
1378
1380
1381
1381
1383
1383
1383
1384
1385
1385
1385
1385
1386
1387
1387
1389
1390
1392
1392
1392
1392
1393
1393
1393
1393
1394
1394
1395
1396
1396
1397
1398
1400
1402
1405
1406
1406
1407
1408
1408
1410
1410
1411
1411
1412
1412
1413
1413
1413
1416
1417
1417
1417
1419
1420
1420
1420
1422
1423
1424
1425
1425
1426
1428
1430
1431
1432
1432
1432
1432
1433
1433
1435
1435
1435
1436
1436
1436
1437
1438
1439
1440
1441
1441
1441
1443
1444
1444
1446
1447
1448
1450
1451
1451
1451
1452
1452
1453
1453
1454
1455
1455
1456
1456
1457
1458
1458
1460
1461
1463
1463
1465
1465
1465
1465
1465
1465
1466
1467
1468
1468
1469
1469
1470
1471
1471
1473
1473
1473
1475
1477
1478
1478
1478
1479
1479
1480
1481
1482
1482
1483
1483
1484
1487
1487
1489
1489
1489
1489
1490
1490
1490
1492
1492
1493
1495
1496
1497
1497
1497
1497
1498
1498
1498
1500
1503
1503
1503
1505
1505
1506
1507
1507
1509
1510
1510
1511
1511
1512
1512
1512
1516
1517
1517
1518
1519
1520
1520
1522
1522
1524
1524
1526
1527
1527
1528
1530
1530
1532
1533
1535
1536
1536
1538
1538
1539
1540
1541
1542
1542
1546
1546
1547
1548
1548
1549
1549
1550
1551
1551
1552
1553
1554
1555
1556
1557
1557
1557
1559
1559
1560
1560
1560
1561
1561
1562
1562
1562
1562
1563
1564
1565
1567
1567
1568
1569
1570
1570
1571
1572
1575
1575
1576
1578
1578
1582
1583
1583
1583
1585
1585
1586
1589
1590
1590
1592
1593
1593
1594
1594
1595
1596
1596
1597
1597
1599
1599
1600
1600
1601
1601
1602
1603
1603
1604
1604
1605
1605
1605
1605
1606
1607
1607
1609
1609
1609
1611
1612
1615
1615
1616
1616
1618
1618
1619
1620
1621
1621
1621
1622
1622
1622
1622
1622
1623
1623
1624
1625
1627
1628
1628
1628
1629
1630
1630
1630
1631
1631
1633
1633
1633
1633
1634
1634
1635
1636
1637
1637
1640
1643
1643
1644
1645
1646
1647
1648
1648
1649
1649
1650
1650
1651
1651
1652
1652
1653
1653
1654
1654
1655
1660
1663
1663
1664
1665
1665
1666
1668
1669
1670
1670
1670
1671
1671
1672
1672
1678
1682
1683
1683
1684
1685
1687
1689
1691
1691
1692
1692
1694
1694
1695
1695
1695
1696
1697
1697
1697
1699
1700
1702
1702
1702
1703
1705
1705
1706
1706
1706
1707
1708
1708
1709
1710
1712
1713
1714
1714
1715
1715
1716
1717
1717
1719
1721
1722
1723
1725
1726
1726
1726
1727
1727
1731
1732
1733
1734
1735
1736
1736
1739
1740
1741
1741
1741
1741
1743
1743
1744
1745
1747
1748
1748
1748
1751
1751
1752
1752
1755
1757
1758
1759
1760
1760
1760
1761
1762
1762
1762
1764
1764
1765
1765
1765
1767
1767
1767
1767
1768
1769
1770
1771
1772
1772
1773
1773
1774
1775
1775
1776
1776
1776
1777
1778
1779
1779
1779
1779
1780
1780
1780
1782
1782
1783
1783
1783
1784
1786
1786
1788
1788
1790
1790
1791
1791
1793
1793
1793
1797
1797
1797
1798
1798
1799
1799
1801
1802
1803
1803
1803
1803
1804
1804
1806
1807
1808
1811
1811
1813
1814
1815
1815
1816
1820
1820
1820
1821
1822
1823
1823
1828
1831
1833
1834
1835
1835
1836
1836
1839
1839
1840
1841
1841
1842
1842
1843
1843
1844
1845
1846
1847
1849
1849
1849
1850
1851
1851
1851
1851
1852
1852
1853
1853
1855
1858
1860
1860
1861
1861
1863
1864
1864
1866
1866
1866
1867
1870
1870
1871
1871
1871
1871
1872
1872
1872
1874
1875
1876
1876
1878
1878
1880
1881
1882
1882
1883
1883
1884
1885
1885
1885
1885
1886
1886
1888
1889
1890
1890
1890
1890
1890
1890
1891
1891
1891
1892
1893
1894
1894
1895
1896
1897
1897
1900
1900
1901
1902
1905
1905
1906
1907
1911
1912
1913
1915
1915
1915
1915
1915
1916
1916
1917
1917
1918
1919
1920
1921
1922
1922
1922
1923
1923
1923
1924
1924
1926
1926
1927
1928
1929
1931
1932
1932
1933
1933
1934
1936
1936
1936
1937
1937
1938
1938
1940
1941
1942
1942
1945
1946
1947
1947
1950
1950
1950
1952
1952
1953
1955
1955
1958
1960
1961
1963
1963
1963
1965
1967
1968
1968
1968
1969
1970
1970
1971
1971
1971
1971
1972
1974
1975
1975
1975
1975
1976
1977
1977
1979
1979
1980
1982
1982
1983
1984
1984
1984
1985
1985
1986
1986
1988
1989
1989
1990
1991
1991
1991
1992
1992
1992
1992
1992
1993
1994
1996
1996
1996
1997
1998
1999
2001
2001
2001
2002
2002
2002
2005
2005
2006
2008
2008
2010
2011
2012
2012
2013
2013
2013
2015
2017
2017
2018
2019
2019
2019
2020
2020
2020
2020
2020
2020
2021
2024
2024
2025
2025
2025
2026
2027
2029
2030
2031
2033
2034
2036
2038
2039
2039
2040
2040
2040
2041
2043
2043
2043
2044
2046
2046
2047
2048
2049
2050
2050
2051
2051
2052
2053
2054
2056
2056
2056
2057
2057
2057
2057
2058
2058
2059
2059
2059
2060
2061
2062
2062
2063
2064
2066
2066
2066
2066
2067
2067
2067
2071
2072
2072
2073
2073
2074
2075
2076
2077
2078
2078
2081
2081
2082
2083
2083
2083
2084
2084
2087
2087
2089
2090
2090
2090
2091
2092
2093
2093
2093
2094
2096
2097
2097
2097
2097
2097
2098
2098
2099
2099
2099
2100
2102
2102
2102
2103
2103
2105
2106
2106
2107
2108
2108
2109
2110
2110
2111
2112
2115
2115
2116
2117
2119
2120
2122
2123
2124
2124
2124
2125
2126
2127
2128
2128
2128
2129
2129
2133
2133
2134
2134
2135
2135
2136
2137
2139
2139
2139
2139
2140
2140
2140
2140
2141
2141
2141
2142
2143
2143
2143
2144
2144
2146
2148
2148
2150
2150
2150
2153
2153
2154
2154
2155
2155
2155
2156
2160
2160
2162
2162
2164
2164
2165
2165
2166
2166
2167
2167
2167
2167
2168
2169
2169
2170
2172
2173
2173
2174
2175
2176
2180
2181
2182
2185
2186
2189
2189
2190
2192
2193
2193
2193
2193
2194
2195
2197
2198
2200
2200
2200
2201
2202
2202
2203
2204
2204
2204
2205
2205
2206
2206
2206
2206
2207
2207
2208
2210
2211
2212
2212
2214
2215
2215
2216
2216
2217
2219
2219
2221
2221
2225
2227
2227
2228
2230
2230
2231
2231
2232
2233
2234
2234
2235
2236
2239
2241
2241
2243
2243
2243
2245
2245
2246
2246
2247
2247
2250
2251
2252
2252
2253
2254
2255
2255
2258
2258
2258
2259
2259
2259
2259
2260
2261
2261
2261
2262
2263
2263
2263
2263
2263
2265
2266
2267
2267
2268
2268
2269
2269
2270
2271
2272
2273
2273
2273
2274
2274
2275
2275
2276
2276
2279
2279
2281
2282
2283
2283
2284
2286
2287
2287
2288
2288
2288
2292
2293
2293
2293
2295
2295
2296
2297
2297
2297
2297
2298
2298
2301
2302
2307
2310
2310
2311
2311
2312
2313
2313
2314
2315
2315
2316
2316
2316
2317
2317
2321
2321
2322
2322
2325
2325
2325
2326
2326
2326
2327
2329
2329
2329
2330
2330
2331
2331
2331
2335
2336
2336
2336
2337
2337
2338
2342
2342
2343
2343
2345
2346
2346
2347
2348
2349
2349
2350
2350
2352
2352
2352
2352
2353
2354
2354
2355
2356
2356
2356
2357
2357
2357
2358
2358
2359
2361
2363
2364
2364
2364
2365
2365
2366
2367
2367
2367
2369
2369
2369
2371
2371
2371
2372
2373
2375
2375
2375
2376
2377
2377
2378
2379
2380
2380
2383
2383
2383
2385
2386
2387
2387
2388
2388
2393
2394
2395
2396
2398
2398
2399
2399
2399
2399
2402
2402
2405
2407
2407
2409
2409
2411
2411
2412
2412
2415
2415
2416
2416
2418
2420
2420
2420
2421
2421
2421
2421
2422
2423
2423
2425
2426
2426
2426
2427
2428
2429
2430
2431
2431
2432
2432
2432
2432
2433
2434
2435
2435
2436
2436
2436
2438
2438
2439
2439
2439
2441
2442
2443
2443
2444
2444
2445
2445
2445
2446
2447
2448
2448
2449
2449
2451
2451
2452
2452
2452
2453
2453
2454
2454
2455
2456
2457
2459
2461
2462
2462
2462
2463
2465
2466
2467
2467
2469
2469
2469
2471
2471
2472
2474
2476
2477
2479
2480
2480
2481
2482
2482
2483
2483
2484
2484
2485
2486
2489
2491
2491
2492
2493
2493
2493
2493
2497
2497
2497
2499
2500
2501
2502
2502
2503
2504
2504
2504
2506
2507
2507
2508
2509
2510
2510
2511
2511
2511
2512
2515
2516
2516
2519
2519
2519
2521
2521
2522
2522
2522
2522
2523
2524
2525
2526
2526
2528
2530
2530
2530
2531
2531
2531
2535
2536
2537
2540
2543
2543
2543
2543
2544
2545
2546
2550
2550
2550
2551
2551
2552
2553
2555
2555
2555
2555
2555
2556
2556
2561
2561
2562
2562
2563
2563
2565
2565
2566
2566
2568
2568
2568
2568
2569
2570
2570
2570
2571
2571
2571
2572
2572
2574
2575
2575
2576
2577
2578
2579
2580
2581
2582
2583
2583
2587
2587
2588
2589
2589
2591
2591
2593
2594
2594
2596
2596
2597
2599
2600
2605
2607
2607
2608
2608
2610
2611
2611
2612
2614
2615
2615
2616
2616
2618
2618
2618
2619
2622
2622
2624
2624
2624
2625
2625
2629
2629
2629
2629
2629
2629
2630
2631
2631
2632
2632
2633
2633
2633
2633
2633
2634
2636
2637
2637
2638
2639
2639
2641
2642
2642
2642
2642
2642
2643
2644
2644
2647
2647
2648
2649
2651
2653
2654
2655
2655
2656
2659
2660
2660
2661
2662
2663
2663
2665
2666
2666
2666
2668
2669
2672
2672
2672
2672
2673
2673
2673
2673
2676
2677
2677
2678
2678
2679
2680
2680
2680
2681
2683
2684
2684
2685
2687
2687
2690
2690
2691
2691
2693
2695
2696
2699
2699
2699
2702
2702
2703
2704
2704
2705
2706
2706
2707
2708
2708
2709
2710
2711
2712
2712
2713
2713
2713
2715
2715
2715
2716
2717
2717
2717
2717
2718
2721
2725
2725
2728
2729
2731
2731
2732
2732
2733
2733
2735
2736
2737
2738
2739
2741
2743
2745
2746
2747
2747
2748
2750
2751
2752
2754
2755
2756
2757
2757
2757
2759
2760
2760
2761
2762
2762
2762
2767
2767
2768
2769
2770
2771
2771
2771
2772
2773
2775
2778
2779
2780
2780
2781
2782
2782
2783
2784
2785
2787
2789
2790
2790
2791
2793
2793
2793
2794
2795
2795
2798
2799
2799
2799
2800
2800
2804
2804
2804
2804
2804
2804
2807
2808
2808
2809
2809
2809
2809
2810
2811
2811
2811
2812
2812
2813
2814
2817
2817
2818
2819
2819
2820
2820
2820
2823
2825
2825
2825
2829
2831
2831
2832
2833
2834
2835
2835
2836
2836
2836
2837
2837
2837
2839
2840
2841
2841
2842
2844
2844
2845
2847
2847
2848
2848
2849
2849
2850
2851
2853
2858
2861
2861
2862
2863
2864
2865
2866
2867
2868
2868
2869
2869
2870
2871
2872
2873
2873
2875
2875
2876
2876
2876
2876
2877
2878
2880
2881
2882
2883
2884
2884
2889
2893
2894
2894
2896
2896
2897
2898
2898
2898
2899
2900
2900
2901
2901
2905
2906
2907
2907
2910
2911
2912
2912
2913
2915
2916
2916
2917
2918
2920
2923
2925
2926
2926
2929
2929
2931
2933
2935
2935
2935
2935
2938
2939
2940
2941
2942
2942
2943
2945
2950
2952
2954
2954
2954
2954
2954
2955
2956
2956
2956
2957
2961
2961
2962
2962
2966
2967
2967
2968
2968
2969
2969
2971
2978
2978
2979
2980
2980
2983
2983
2985
2986
2986
2986
2988
2989
2989
2990
2991
2992
2992
2993
2993
2995
2995
2995
2996
2996
2997
2999
2999
3002
3003
3004
3005
3006
3007
3007
3008
3009
3009
3010
3011
3012
3012
3012
3012
3013
3014
3014
3016
3016
3016
3017
3018
3020
3020
3021
3021
3021
3022
3022
3024
3025
3026
3026
3027
3027
3027
3027
3029
3029
3029
3030
3030
3033
3034
3035
3035
3036
3038
3039
3040
3041
3041
3042
3044
3044
3044
3044
3046
3047
3047
3048
3049
3049
3050
3054
3054
3055
3056
3056
3059
3060
3063
3063
3064
3064
3064
3067
3067
3067
3068
3069
3070
3073
3073
3074
3075
3075
3076
3076
3077
3077
3081
3082
3082
3084
3084
3085
3085
3086
3087
3089
3091
3092
3092
3094
3094
3097
3098
3100
3102
3105
3106
3107
3107
3107
3109
3110
3111
3111
3111
3112
3113
3113
3114
3114
3116
3116
3117
3118
3118
3118
3121
3123
3124
3124
3125
3125
3125
3127
3127
3129
3129
3129
3130
3130
3135
3138
3139
3140
3140
3141
3142
3142
3143
3144
3145
3146
3148
3149
3149
3149
3151
3153
3153
3153
3154
3156
3156
3156
3157
3157
3158
3159
3159
3161
3162
3166
3171
3172
3173
3176
3178
3181
3183
3186
3188
3188
3190
3190
3192
3192
3193
3198
3198
3199
3199
3200
3201
3202
3203
3204
3204
3205
3205
3207
3207
3209
3209
3210
3210
3211
3212
3213
3213
3213
3213
3214
3217
3218
3219
3219
3221
3223
3225
3226
3228
3228
3229
3229
3229
3230
3231
3232
3236
3236
3236
3237
3239
3240
3240
3240
3240
3241
3242
3242
3245
3245
3247
3247
3249
3250
3251
3252
3252
3255
3257
3259
3260
3262
3264
3269
3269
3273
3275
3277
3278
3279
3279
3280
3280
3282
3283
3285
3288
3290
3291
3291
3291
3292
3292
3292
3292
3293
3294
3294
3294
3294
3295
3295
3299
3299
3300
3300
3303
3304
3304
3304
3307
3308
3308
3310
3313
3313
3316
3318
3320
3321
3324
3324
3326
3328
3329
3330
3331
3332
3333
3334
3335
3337
3338
3338
3338
3343
3343
3344
3344
3345
3346
3346
3346
3346
3348
3348
3348
3350
3351
3351
3352
3353
3354
3357
3360
3360
3361
3362
3362
3364
3364
3365
3366
3367
3369
3370
3370
3370
3370
3372
3377
3377
3378
3379
3380
3381
3381
3381
3383
3384
3385
3386
3388
3391
3392
3394
3395
3396
3396
3396
3396
3396
3396
3396
3397
3397
3397
3397
3398
3401
3402
3402
3403
3404
3405
3407
3407
3410
3410
3410
3410
3411
3412
3414
3415
3416
3417
3417
3417
3418
3420
3420
3421
3422
3424
3426
3427
3428
3429
3431
3432
3434
3435
3435
3437
3439
3440
3440
3441
3441
3443
3443
3444
3446
3447
3448
3449
3449
3450
3450
3450
3450
3450
3451
3452
3453
3453
3455
3458
3458
3460
3461
3463
3464
3465
3466
3467
3467
3468
3470
3470
3470
3473
3473
3474
3475
3476
3476
3480
3480
3481
3483
3484
3484
3485
3488
3489
3491
3494
3494
3496
3496
3496
3496
3496
3497
3497
3497
3498
3498
3501
3501
3502
3502
3502
3503
3503
3503
3504
3505
3505
3506
3506
3507
3507
3509
3510
3511
3511
3516
3516
3516
3518
3519
3521
3522
3524
3526
3528
3530
3530
3533
3534
3535
3537
3538
3539
3540
3542
3542
3545
3547
3548
3548
3550
3550
3550
3552
3556
3558
3558
3559
3561
3562
3564
3565
3568
3568
3569
3570
3574
3574
3575
3576
3577
3578
3580
3581
3582
3584
3586
3589
3589
3590
3591
3592
3592
3592
3594
3595
3595
3598
3599
3599
3603
3605
3605
3607
3615
3616
3616
3617
3618
3618
3618
3619
3620
3620
3621
3622
3623
3623
3623
3624
3626
3627
3627
3627
3628
3630
3631
3631
3632
3633
3633
3634
3634
3634
3634
3636
3639
3640
3640
3641
3642
3644
3645
3646
3648
3649
3649
3650
3650
3650
3650
3651
3653
3653
3653
3654
3655
3655
3656
3659
3661
3663
3663
3664
3665
3665
3666
3667
3667
3668
3672
3672
3672
3675
3676
3677
3677
3680
3680
3682
3684
3684
3685
3685
3685
3686
3686
3687
3690
3693
3693
3694
3694
3695
3697
3699
3702
3703
3704
3704
3705
3708
3708
3710
3713
3713
3716
3717
3718
3718
3718
3718
3720
3721
3724
3725
3727
3728
3729
3733
3734
3735
3738
3739
3739
3739
3742
3742
3743
3743
3747
3748
3749
3750
3751
3751
3751
3751
3756
3756
3757
3758
3758
3758
3759
3761
3762
3763
3763
3764
3766
3766
3768
3772
3776
3778
3778
3778
3779
3781
3782
3784
3784
3785
3785
3785
3787
3787
3787
3788
3789
3789
3790
3790
3793
3794
3797
3798
3800
3802
3803
3804
3805
3806
3808
3809
3810
3810
3811
3813
3817
3818
3819
3819
3819
3822
3822
3823
3825
3825
3826
3826
3830
3830
3834
3835
3836
3837
3838
3839
3839
3839
3841
3841
3842
3842
3846
3850
3853
3855
3856
3857
3858
3860
3860
3862
3863
3864
3868
3869
3869
3870
3870
3873
3873
3877
3880
3881
3883
3883
3884
3884
3884
3885
3886
3888
3888
3891
3891
3891
3894
3894
3895
3896
3898
3900
3901
3906
3906
3907
3908
3908
3909
3910
3910
3910
3910
3912
3915
3916
3917
3921
3922
3923
3924
3924
3925
3926
3927
3927
3930
3934
3934
3936
3937
3937
3940
3943
3943
3945
3945
3948
3951
3951
3954
3954
3955
3956
3957
3957
3958
3959
3961
3962
3964
3964
3964
3964
3966
3966
3966
3968
3971
3971
3971
3974
3975
3976
3977
3977
3977
3978
3978
3979
3980
3982
3986
3987
3987
3988
3988
3991
3994
3997
3999
4000
4000
4000
4002
4004
4004
4005
4007
4008
4008
4009
4012
4013
4013
4014
4016
4017
4017
4017
4018
4018
4019
4020
4020
4022
4025
4027
4028
4030
4032
4032
4033
4034
4035
4037
4039
4039
4039
4040
4042
4043
4044
4045
4045
4049
4050
4054
4055
4055
4056
4056
4056
4057
4060
4063
4063
4068
4069
4076
4078
4079
4079
4079
4080
4082
4085
4086
4086
4087
4087
4089
4090
4092
4092
4095
4098
4099
4100
4101
4102
4104
4105
4109
4109
4109
4111
4112
4114
4115
4116
4117
4118
4118
4118
4121
4121
4122
4126
4129
4129
4129
4133
4133
4134
4136
4137
4138
4139
4141
4142
4144
4144
4144
4146
4148
4149
4150
4152
4153
4159
4161
4162
4166
4169
4170
4170
4171
4173
4175
4175
4177
4180
4181
4182
4185
4186
4187
4189
4195
4196
4196
4197
4198
4198
4201
4206
4206
4206
4207
4209
4210
4213
4217
4217
4217
4217
4223
4227
4227
4228
4228
4228
4229
4231
4231
4232
4233
4235
4235
4238
4239
4240
4241
4241
4242
4245
4245
4246
4247
4247
4255
4256
4259
4261
4261
4263
4263
4266
4266
4270
4279
4280
4283
4288
4289
4291
4292
4294
4294
4294
4294
4295
4296
4299
4300
4300
4303
4304
4307
4310
4311
4311
4311
4312
4313
4314
4314
4314
4315
4316
4322
4323
4326
4326
4328
4332
4335
4337
4340
4341
4351
4356
4357
4358
4358
4359
4361
4362
4362
4364
4370
4370
4372
4372
4374
4375
4376
4376
4377
4379
4382
4382
4383
4384
4386
4386
4389
4391
4391
4393
4394
4394
4394
4395
4396
4399
4400
4403
4409
4409
4410
4412
4413
4414
4415
4416
4418
4419
4420
4421
4421
4421
4423
4423
4423
4424
4424
4425
4428
4431
4431
4436
4437
4438
4439
4439
4439
4441
4442
4442
4444
4447
4449
4451
4451
4453
4455
4455
4456
4458
4459
4459
4461
4462
4462
4462
4463
4463
4463
4464
4464
4466
4466
4467
4468
4468
4472
4474
4476
4477
4478
4478
4479
4480
4481
4483
4488
4491
4491
4492
4494
4495
4495
4496
4498
4498
4499
4501
4501
4503
4506
4507
4508
4510
4511
4511
4513
4516
4517
4517
4518
4519
4520
4522
4523
4526
4530
4532
4532
4536
4538
4538
4539
4539
4541
4542
4542
4543
4545
4549
4549
4550
4550
4551
4551
4552
4552
4554
4555
4555
4560
4560
4560
4564
4566
4566
4568
4569
4570
4572
4573
4575
4576
4578
4580
4580
4581
4582
4582
4584
4586
4587
4590
4590
4595
4597
4597
4599
4602
4602
4606
4612
4612
4614
4614
4614
4616
4617
4619
4620
4620
4621
4624
4624
4625
4627
4628
4629
4629
4638
4643
4645
4646
4647
4647
4647
4651
4651
4656
4656
4657
4658
4659
4659
4660
4661
4663
4665
4665
4666
4666
4667
4670
4675
4676
4677
4678
4681
4682
4685
4685
4685
4686
4687
4688
4688
4690
4691
4693
4694
4697
4700
4700
4702
4703
4704
4707
4707
4707
4708
4708
4710
4712
4717
4720
4721
4723
4723
4723
4724
4726
4728
4729
4729
4732
4733
4734
4734
4734
4734
4734
4735
4735
4736
4736
4738
4738
4738
4740
4741
4742
4742
4743
4745
4748
4749
4750
4752
4752
4754
4755
4756
4760
4760
4761
4761
4762
4765
4767
4769
4771
4774
4775
4777
4781
4782
4782
4783
4783
4784
4786
4787
4789
4792
4793
4793
4794
4794
4796
4798
4803
4806
4806
4807
4808
4808
4809
4812
4813
4814
4815
4815
4817
4818
4819
4819
4819
4820
4820
4821
4823
4825
4826
4828
4831
4834
4836
4838
4841
4847
4849
4849
4849
4852
4854
4855
4857
4857
4857
4859
4859
4860
4862
4864
4864
4867
4867
4868
4870
4870
4870
4874
4874
4875
4878
4880
4880
4880
4881
4881
4883
4885
4885
4890
4892
4892
4892
4895
4896
4897
4898
4898
4899
4899
4901
4902
4903
4904
4905
4905
4907
4912
4913
4915
4915
4915
4916
4921
4926
4927
4929
4929
4931
4932
4934
4934
4936
4936
4937
4938
4940
4940
4941
4945
4948
4948
4951
4951
4951
4951
4952
4953
4954
4958
4958
4959
4960
4961
4961
4962
4969
4971
4972
4972
4972
4972
4973
4973
4975
4976
4976
4978
4979
4981
4981
4982
4983
4983
4986
4987
4987
4988
4988
4988
4990
4992
4994
4996
4996
4997
4998
4999
5000
5001
5001
5002
5002
5005
5006
5006
5008
5010
5010
5011
5012
5013
5014
5019
5019
5019
5020
5020
5021
5022
5022
5023
5023
5024
5024
5030
5031
5032
5032
5034
5035
5035
5037
5038
5041
5041
5041
5041
5043
5044
5047
5047
5052
5056
5057
5059
5059
5061
5062
5063
5066
5069
5069
5072
5074
5075
5075
5076
5076
5076
5078
5079
5082
5083
5083
5085
5088
5095
5097
5098
5100
5100
5100
5103
5103
5105
5106
5106
5108
5109
5109
5111
5111
5114
5114
5117
5117
5119
5120
5122
5123
5124
5125
5126
5128
5128
5131
5131
5132
5132
5133
5136
5137
5138
5141
5142
5142
5146
5146
5147
5149
5151
5152
5152
5152
5152
5157
5159
5159
5160
5160
5164
5166
5173
5174
5176
5176
5177
5177
5178
5179
5181
5183
5183
5185
5187
5188
5189
5195
5195
5195
5199
5200
5201
5203
5205
5207
5208
5209
5210
5210
5214
5217
5217
5221
5222
5228
5229
5230
5235
5237
5240
5240
5241
5242
5243
5244
5245
5245
5246
5247
5247
5253
5254
5257
5257
5258
5259
5262
5263
5266
5266
5268
5269
5270
5275
5277
5282
5282
5285
5286
5288
5288
5289
5292
5295
5297
5298
5301
5303
5305
5312
5314
5315
5317
5319
5321
5321
5326
5327
5329
5329
5330
5330
5332
5332
5335
5336
5336
5337
5338
5338
5338
5340
5342
5344
5345
5350
5356
5356
5359
5360
5364
5364
5367
5370
5371
5372
5375
5376
5376
5380
5382
5383
5383
5383
5384
5385
5386
5387
5391
5395
5396
5397
5397
5397
5399
5402
5403
5403
5403
5404
5405
5405
5406
5409
5411
5412
5416
5417
5417
5421
5422
5423
5424
5429
5429
5430
5430
5433
5435
5436
5437
5439
5443
5447
5448
5450
5450
5452
5454
5455
5457
5458
5460
5463
5463
5464
5466
5466
5470
5470
5471
5471
5478
5480
5481
5481
5483
5484
5485
5489
5489
5492
5493
5493
5497
5498
5501
5502
5503
5505
5509
5509
5512
5513
5514
5516
5516
5517
5519
5521
5522
5525
5525
5525
5526
5526
5526
5533
5534
5536
5540
5546
5546
5547
5548
5549
5550
5553
5553
5553
5559
5561
5562
5563
5563
5564
5564
5565
5566
5569
5570
5570
5570
5572
5572
5575
5575
5576
5576
5576
5578
5578
5579
5579
5580
5583
5585
5585
5587
5590
5592
5592
5592
5594
5595
5596
5598
5598
5600
5604
5605
5606
5607
5607
5612
5613
5616
5616
5620
5620
5623
5624
5625
5626
5628
5629
5633
5634
5636
5637
5638
5638
5638
5643
5643
5646
5647
5647
5651
5653
5654
5655
5661
5662
5663
5665
5666
5666
5666
5666
5669
5670
5670
5675
5683
5683
5684
5684
5687
5687
5689
5690
5691
5693
5693
5694
5696
5697
5698
5699
5703
5704
5707
5710
5710
5711
5711
5712
5713
5713
5716
5716
5717
5718
5719
5721
5721
5722
5724
5726
5729
5730
5731
5733
5735
5739
5742
5742
5742
5744
5746
5747
5748
5748
5750
5752
5753
5755
5760
5763
5764
5764
5765
5766
5769
5769
5769
5770
5770
5772
5773
5773
5774
5775
5775
5775
5775
5776
5776
5778
5780
5781
5785
5792
5795
5798
5799
5799
5800
5801
5802
5812
5813
5816
5819
5819
5820
5821
5822
5823
5824
5825
5826
5828
5828
5831
5834
5834
5841
5841
5845
5848
5850
5850
5852
5852
5855
5866
5867
5869
5871
5872
5873
5876
5876
5878
5879
5881
5883
5888
5894
5894
5903
5907
5909
5912
5913
5915
5917
5918
5920
5921
5923
5924
5926
5926
5929
5929
5931
5932
5932
5934
5935
5935
5936
5941
5942
5943
5943
5945
5946
5948
5952
5953
5958
5959
5960
5963
5964
5967
5968
5969
5971
5971
5971
5973
5975
5975
5977
5980
5980
5981
5983
5985
5985
5989
5991
5995
5996
5998
5999
6002
6002
6002
6002
6004
6005
6006
6009
6009
6010
6012
6018
6021
6022
6024
6025
6025
6026
6027
6028
6030
6030
6033
6034
6035
6036
6036
6037
6040
6041
6044
6044
6045
6046
6047
6048
6049
6055
6057
6058
6058
6062
6062
6063
6063
6066
6070
6075
6076
6080
6083
6085
6085
6087
6088
6090
6093
6093
6093
6093
6097
6099
6100
6100
6103
6104
6106
6111
6112
6113
6113
6114
6114
6115
6116
6118
6123
6126
6126
6128
6129
6129
6130
6135
6136
6136
6137
6140
6141
6144
6144
6147
6149
6149
6153
6154
6158
6159
6161
6162
6163
6166
6167
6167
6170
6170
6171
6172
6173
6174
6178
6187
6191
6195
6197
6198
6199
6200
6201
6202
6202
6202
6204
6205
6205
6206
6207
6208
6208
6210
6211
6214
6214
6218
6222
6223
6223
6227
6227
6227
6227
6229
6232
6234
6234
6235
6236
6237
6238
6239
6242
6242
6244
6245
6247
6248
6248
6257
6257
6259
6261
6265
6265
6267
6269
6270
6273
6275
6276
6277
6278
6278
6279
6280
6280
6281
6281
6283
6284
6284
6284
6286
6286
6287
6288
6292
6293
6293
6293
6294
6297
6297
6299
6300
6301
6303
6304
6304
6305
6310
6313
6316
6316
6318
6322
6322
6324
6325
6325
6326
6328
6330
6332
6333
6333
6333
6334
6338
6343
6346
6347
6347
6347
6348
6349
6350
6351
6352
6356
6357
6357
6357
6357
6360
6362
6363
6365
6367
6368
6368
6368
6369
6371
6371
6372
6373
6373
6375
6375
6375
6375
6376
6376
6378
6379
6380
6381
6381
6388
6389
6389
6390
6391
6393
6394
6397
6401
6402
6409
6411
6411
6412
6413
6415
6417
6421
6422
6427
6428
6431
6431
6431
6431
6432
6432
6436
6437
6437
6438
6439
6446
6448
6451
6452
6452
6453
6455
6457
6457
6457
6457
6459
6461
6466
6467
6468
6470
6472
6472
6473
6476
6476
6477
6478
6478
6482
6483
6484
6488
6488
6492
6495
6497
6498
6505
6506
6506
6508
6508
6509
6513
6514
6515
6516
6517
6518
6521
6525
6526
6526
6527
6531
6532
6533
6536
6536
6540
6541
6542
6542
6543
6545
6548
6548
6548
6548
6549
6550
6554
6554
6556
6564
6568
6574
6576
6577
6577
6582
6584
6584
6586
6587
6587
6588
6593
6595
6598
6599
6601
6603
6607
6609
6609
6610
6614
6617
6617
6617
6620
6623
6625
6626
6627
6627
6629
6630
6636
6636
6636
6636
6637
6640
6642
6642
6644
6645
6646
6651
6655
6657
6657
6662
6663
6666
6669
6670
6670
6676
6676
6677
6677
6681
6684
6684
6684
6687
6688
6690
6691
6692
6692
6693
6697
6700
6701
6704
6706
6708
6709
6711
6712
6714
6717
6717
6717
6719
6722
6726
6731
6733
6734
6734
6735
6737
6740
6741
6742
6743
6745
6750
6750
6752
6752
6754
6755
6756
6756
6757
6760
6762
6762
6765
6765
6766
6766
6768
6773
6774
6774
6775
6776
6777
6777
6778
6782
6785
6787
6789
6790
6790
6791
6792
6793
6794
6796
6797
6799
6800
6801
6804
6804
6805
6805
6805
6806
6813
6814
6815
6819
6819
6822
6824
6831
6832
6833
6834
6834
6841
6842
6844
6844
6845
6846
6846
6847
6849
6849
6849
6851
6858
6866
6868
6871
6872
6873
6874
6874
6875
6875
6875
6878
6878
6879
6879
6881
6881
6883
6883
6886
6886
6886
6887
6890
6890
6892
6892
6893
6894
6895
6899
6904
6904
6905
6905
6906
6908
6909
6917
6918
6918
6926
6926
6928
6930
6930
6931
6933
6933
6934
6935
6936
6937
6939
6946
6952
6953
6954
6954
6956
6959
6959
6959
6959
6961
6961
6961
6962
6964
6970
6970
6971
6972
6972
6975
6976
6978
6982
6982
6983
6984
6990
6991
6992
6992
6993
6995
6996
6998
6998
6999
7000
7001
7003
7010
7011
7011
7013
7015
7015
7016
7019
7022
7022
7029
7030
7034
7041
7042
7043
7050
7050
7053
7054
7054
7055
7057
7060
7061
7068
7071
7072
7074
7076
7077
7081
7082
7084
7085
7085
7088
7091
7091
7093
7099
7099
7099
7099
7100
7100
7103
7105
7108
7109
7109
7109
7109
7109
7110
7113
7117
7119
7119
7119
7120
7120
7121
7126
7129
7129
7133
7135
7136
7137
7138
7139
7139
7141
7141
7142
7144
7146
7146
7146
7146
7147
7147
7148
7151
7152
7154
7155
7155
7159
7160
7164
7166
7167
7168
7173
7173
7174
7174
7175
7176
7177
7178
7178
7178
7180
7180
7183
7186
7187
7189
7189
7194
7194
7197
7197
7198
7198
7200
7200
7203
7205
7205
7207
7207
7209
7210
7213
7214
7214
7214
7216
7216
7216
7221
7224
7224
7225
7226
7227
7230
7231
7233
7233
7233
7233
7234
7237
7241
7242
7242
7244
7246
7250
7251
7253
7258
7258
7261
7266
7268
7268
7269
7270
7272
7272
7273
7275
7276
7279
7280
7281
7283
7284
7294
7295
7296
7299
7302
7304
7305
7307
7307
7308
7308
7309
7309
7310
7314
7314
7314
7319
7323
7324
7325
7326
7329
7329
7330
7332
7332
7336
7337
7338
7339
7342
7344
7347
7350
7353
7354
7357
7361
7362
7365
7366
7367
7368
7370
7373
7373
7374
7375
7376
7380
7380
7383
7383
7383
7384
7388
7389
7389
7390
7393
7393
7396
7399
7400
7401
7401
7404
7406
7407
7408
7412
7415
7418
7418
7418
7421
7422
7424
7426
7428
7429
7431
7432
7434
7435
7438
7438
7440
7440
7440
7441
7448
7449
7449
7450
7452
7452
7453
7457
7460
7461
7461
7464
7465
7470
7470
7473
7474
7474
7475
7478
7482
7482
7485
7487
7487
7487
7488
7493
7494
7495
7499
7499
7502
7510
7510
7512
7513
7514
7515
7517
7518
7518
7521
7529
7529
7532
7538
7538
7540
7546
7550
7550
7553
7555
7555
7556
7558
7559
7561
7561
7565
7567
7568
7571
7572
7572
7573
7574
7574
7576
7578
7578
7580
7582
7582
7583
7585
7593
7596
7597
7598
7601
7601
7601
7601
7601
7602
7603
7607
7611
7612
7612
7613
7613
7614
7615
7615
7616
7617
7617
7617
7617
7620
7631
7631
7631
7632
7632
7633
7636
7641
7645
7645
7647
7647
7648
7649
7650
7653
7654
7658
7659
7659
7661
7663
7664
7667
7668
7669
7672
7673
7674
7680
7680
7681
7681
7682
7682
7684
7688
7688
7688
7691
7691
7691
7692
7693
7696
7697
7697
7697
7699
7700
7701
7704
7705
7705
7705
7706
7711
7711
7711
7713
7714
7719
7720
7720
7720
7721
7722
7722
7724
7724
7725
7725
7726
7728
7728
7728
7732
7733
7733
7738
7738
7738
7747
7748
7749
7750
7751
7751
7752
7752
7753
7753
7755
7756
7756
7757
7757
7757
7761
7761
7763
7765
7766
7766
7767
7768
7768
7769
7770
7773
7773
7773
7775
7775
7777
7778
7781
7784
7784
7784
7784
7785
7788
7790
7792
7796
7798
7800
7801
7806
7807
7816
7818
7820
7822
7824
7825
7826
7826
7834
7834
7838
7839
7840
7841
7841
7841
7842
7842
7843
7844
7846
7847
7847
7850
7851
7852
7855
7856
7859
7861
7861
7862
7863
7864
7866
7867
7867
7870
7871
7871
7871
7871
7874
7875
7876
7879
7881
7883
7884
7885
7887
7887
7888
7891
7892
7893
7895
7896
7899
7899
7902
7906
7909
7910
7910
7912
7912
7913
7917
7918
7918
7919
7919
7921
7922
7925
7926
7926
7927
7927
7929
7929
7930
7930
7932
7934
7936
7940
7940
7941
7942
7942
7943
7944
7945
7947
7949
7950
7951
7952
7952
7953
7953
7962
7965
7968
7968
7968
7972
7972
7973
7979
7980
7982
7983
7984
7985
7985
7989
7989
7995
7996
7996
7997
7998
7999
8002
8002
8003
8005
8006
8008
8008
8012
8015
8015
8016
8020
8020
8021
8022
8022
8027
8029
8034
8036
8036
8038
8039
8039
8046
8046
8046
8046
8046
8047
8050
8050
8052
8056
8057
8060
8061
8062
8071
8071
8076
8076
8078
8080
8083
8085
8085
8088
8091
8093
8095
8096
8096
8097
8101
8103
8104
8105
8105
8110
8111
8117
8117
8120
8121
8121
8124
8126
8128
8132
8134
8140
8140
8142
8142
8143
8143
8147
8147
8147
8148
8150
8150
8153
8154
8156
8156
8158
8158
8159
8162
8163
8164
8165
8165
8166
8166
8167
8170
8176
8176
8177
8179
8182
8187
8192
8193
8193
8193
8197
8197
8199
8201
8212
8216
8217
8219
8220
8220
8223
8224
8229
8229
8231
8231
8239
8242
8243
8243
8246
8248
8249
8256
8259
8259
8260
8262
8264
8265
8269
8273
8274
8274
8275
8275
8277
8278
8287
8287
8287
8287
8288
8292
8293
8294
8295
8296
8297
8297
8298
8299
8305
8307
8308
8308
8309
8312
8313
8314
8318
8318
8318
8318
8318
8319
8321
8322
8323
8330
8330
8336
8336
8338
8339
8344
8344
8345
8346
8347
8347
8350
8350
8354
8355
8355
8361
8364
8364
8366
8366
8367
8367
8368
8370
8370
8378
8379
8381
8382
8389
8389
8389
8389
8391
8393
8394
8395
8395
8395
8396
8399
8400
8402
8404
8407
8408
8409
8414
8416
8417
8418
8420
8424
8428
8428
8429
8432
8432
8435
8439
8440
8443
8445
8446
8447
8448
8448
8450
8451
8451
8453
8454
8454
8456
8456
8457
8458
8459
8459
8461
8466
8466
8469
8470
8473
8473
8477
8478
8483
8484
8486
8488
8488
8493
8494
8497
8499
8499
8500
8500
8501
8507
8508
8509
8509
8509
8511
8514
8519
8523
8526
8527
8529
8530
8532
8532
8532
8534
8535
8536
8537
8537
8537
8538
8538
8539
8539
8542
8542
8546
8547
8552
8553
8555
8557
8558
8560
8560
8563
8567
8568
8569
8571
8573
8574
8574
8578
8582
8582
8583
8585
8587
8587
8590
8590
8591
8591
8592
8592
8594
8599
8601
8601
8606
8613
8615
8618
8623
8625
8627
8629
8632
8635
8636
8637
8640
8640
8640
8641
8643
8648
8649
8650
8651
8658
8665
8667
8668
8671
8674
8674
8675
8675
8677
8677
8679
8680
8683
8686
8686
8686
8687
8688
8691
8694
8697
8697
8699
8704
8706
8707
8708
8709
8710
8710
8713
8713
8713
8714
8716
8717
8717
8718
8720
8722
8722
8722
8724
8724
8729
8731
8733
8733
8733
8734
8735
8736
8742
8742
8743
8746
8752
8761
8764
8773
8775
8775
8782
8783
8784
8784
8792
8798
8798
8798
8799
8802
8802
8803
8813
8817
8817
8819
8820
8823
8823
8824
8825
8828
8832
8832
8833
8835
8836
8837
8838
8841
8844
8845
8846
8848
8848
8849
8850
8851
8851
8852
8853
8854
8855
8855
8857
8858
8862
8863
8868
8869
8870
8870
8871
8872
8875
8880
8881
8883
8883
8883
8884
8886
8886
8888
8888
8890
8893
8897
8899
8907
8907
8912
8912
8913
8913
8914
8917
8920
8929
8929
8934
8937
8938
8939
8941
8942
8942
8942
8945
8946
8946
8946
8947
8952
8954
8954
8955
8956
8960
8961
8962
8964
8964
8965
8967
8967
8970
8970
8971
8972
8972
8974
8974
8980
8981
8982
8982
8982
8985
8985
8985
8985
8987
8990
8992
8994
8994
8994
8996
9003
9004
9006
9006
9008
9012
9013
9017
9017
9020
9023
9025
9027
9027
9027
9034
9034
9038
9041
9042
9045
9048
9048
9049
9049
9050
9053
9053
9053
9059
9062
9062
9066
9066
9066
9068
9073
9075
9076
9085
9090
9097
9098
9098
9101
9103
9103
9111
9112
9112
9113
9115
9118
9121
9121
9122
9124
9125
9130
9130
9131
9134
9136
9139
9145
9145
9148
9150
9150
9152
9156
9162
9162
9163
9167
9168
9169
9170
9170
9177
9178
9178
9178
9180
9181
9183
9183
9184
9184
9185
9187
9190
9193
9193
9198
9198
9198
9201
9209
9210
9210
9213
9217
9219
9220
9220
9224
9235
9237
9241
9247
9247
9249
9253
9254
9258
9262
9264
9267
9269
9270
9271
9273
9274
9275
9275
9276
9277
9278
9281
9283
9284
9284
9289
9292
9294
9296
9297
9299
9304
9305
9306
9308
9311
9312
9312
9316
9317
9319
9322
9325
9325
9328
9331
9331
9331
9333
9333
9335
9336
9338
9341
9343
9344
9345
9349
9351
9352
9353
9355
9356
9357
9361
9363
9366
9367
9372
9373
9373
9374
9382
9383
9384
9386
9386
9389
9392
9401
9427
9430
9434
9436
9437
9438
9438
9439
9442
9442
9444
9447
9447
9452
9453
9453
9454
9456
9458
9458
9459
9460
9462
9470
9474
9474
9477
9482
9489
9490
9492
9492
9492
9496
9496
9497
9497
9502
9503
9503
9503
9506
9508
9509
9511
9511
9511
9511
9512
9514
9514
9516
9517
9522
9523
9524
9526
9531
9532
9535
9536
9539
9539
9541
9545
9545
9548
9550
9554
9556
9556
9558
9559
9561
9562
9565
9571
9571
9572
9575
9576
9577
9577
9577
9579
9580
9581
9581
9582
9585
9586
9587
9590
9593
9593
9596
9599
9602
9602
9605
9609
9611
9613
9614
9614
9614
9616
9619
9620
9621
9622
9623
9628
9630
9631
9632
9639
9641
9646
9651
9656
9658
9660
9661
9662
9662
9662
9665
9670
9672
9673
9674
9674
9679
9682
9682
9684
9684
9686
9687
9688
9689
9690
9690
9691
9694
9695
9697
9697
9697
9699
9700
9701
9712
9715
9716
9716
9717
9718
9727
9728
9731
9734
9735
9739
9741
9742
9743
9749
9749
9752
9753
9755
9757
9757
9759
9760
9760
9762
9764
9765
9770
9774
9779
9782
9784
9788
9793
9793
9793
9794
9797
9799
9802
9803
9804
9805
9808
9809
9812
9813
9816
9820
9820
9821
9821
9826
9826
9827
9827
9829
9835
9835
9849
9853
9854
9855
9855
9863
9865
9865
9868
9870
9870
9871
9872
9872
9874
9875
9875
9876
9877
9880
9882
9882
9885
9891
9893
9894
9894
9898
9898
9899
9899
9902
9903
9903
9903
9907
9910
9914
9914
9916
9916
9917
9918
9919
9922
9924
9930
9930
9931
9932
9936
9937
9939
9939
9939
9940
9943
9943
9944
9944
9947
9949
9949
9952
9953
9953
9957
9957
9959
9960
9961
9961
9962
9964
9967
9968
9968
9973
9973
9975
9975
9980
9980
9984
9986
9987
9989
9990
9990
9991
9991
9992
9993
9994
9995
9995
9996
9996
9997
10000
10009
10009
10011
10011
10014
10015
10016
10017
10017
10017
10019
10023
10026
10027
10028
10029
10031
10031
10033
10033
10033
10035
10035
10037
10038
10038
10044
10046
10047
10047
10049
10051
10051
10052
10054
10054
10054
10055
10057
10059
10060
10061
10061
10061
10063
10065
10065
10066
10070
10074
10075
10076
10076
10076
10080
10080
10083
10084
10088
10088
10091
10095
10100
10102
10106
10107
10110
10112
10121
10121
10122
10122
10125
10126
10126
10128
10130
10130
10131
10134
10138
10141
10142
10150
10151
10153
10155
10157
10157
10160
10166
10166
10172
10175
10176
10178
10180
10182
10189
10193
10194
10196
10197
10198
10198
10199
10202
10202
10205
10208
10209
10213
10213
10213
10216
10217
10217
10221
10222
10222
10223
10223
10227
10230
10231
10232
10233
10235
10235
10237
10238
10242
10245
10246
10250
10250
10252
10253
10260
10260
10261
10263
10265
10265
10267
10268
10271
10271
10273
10275
10277
10280
10282
10283
10286
10289
10289
10290
10292
10292
10293
10294
10295
10298
10300
10305
10306
10307
10311
10312
10312
10315
10317
10318
10319
10320
10321
10321
10324
10324
10325
10326
10330
10332
10332
10334
10335
10336
10337
10340
10343
10344
10344
10345
10345
10347
10348
10349
10350
10351
10352
10353
10354
10355
10367
10370
10377
10381
10383
10384
10385
10385
10385
10386
10388
10389
10391
10392
10393
10400
10401
10405
10408
10408
10410
10411
10414
10418
10419
10423
10423
10424
10424
10427
10427
10430
10433
10433
10434
10436
10436
10437
10441
10444
10450
10454
10457
10460
10462
10463
10465
10466
10471
10473
10476
10479
10479
10480
10481
10481
10484
10484
10486
10488
10493
10494
10494
10496
10501
10502
10509
10510
10512
10513
10514
10518
10522
10523
10525
10525
10527
10528
10530
10534
10536
10538
10539
10542
10542
10545
10545
10546
10549
10550
10551
10553
10555
10559
10576
10580
10580
10584
10586
10588
10588
10589
10589
10591
10594
10595
10595
10596
10596
10597
10598
10599
10607
10611
10611
10611
10612
10614
10620
10621
10628
10628
10630
10630
10631
10632
10632
10635
10639
10641
10642
10644
10645
10652
10654
10656
10658
10662
10665
10667
10669
10672
10675
10676
10677
10677
10678
10678
10679
10681
10685
10687
10690
10691
10696
10697
10698
10699
10701
10704
10704
10705
10705
10706
10711
10711
10713
10716
10716
10721
10723
10725
10726
10730
10734
10739
10741
10741
10742
10742
10748
10750
10753
10756
10758
10759
10760
10760
10762
10768
10769
10769
10770
10772
10773
10778
10778
10780
10782
10783
10787
10789
10793
10794
10795
10797
10797
10799
10800
10802
10803
10805
10811
10811
10812
10812
10813
10813
10814
10815
10816
10818
10825
10830
10833
10837
10838
10839
10839
10842
10845
10847
10847
10848
10849
10849
10850
10852
10854
10855
10855
10857
10862
10863
10863
10864
10867
10869
10870
10871
10873
10879
10879
10883
10889
10898
10898
10904
10907
10908
10909
10910
10911
10914
10914
10915
10919
10921
10924
10928
10929
10930
10931
10932
10933
10939
10940
10941
10947
10948
10953
10956
10957
10958
10958
10962
10962
10968
10977
10977
10978
10981
10984
10984
10986
10987
10988
10992
10994
10994
10996
10998
10999
10999
11000
11001
11003
11004
11007
11009
11013
11016
11018
11021
11024
11030
11030
11033
11037
11038
11040
11040
11042
11042
11044
11044
11046
11047
11048
11052
11055
11055
11060
11061
11063
11064
11070
11071
11071
11071
11073
11075
11076
11078
11079
11082
11084
11084
11085
11092
11093
11094
11096
11099
11099
11100
11108
11110
11112
11112
11113
11116
11117
11118
11119
11121
11122
11123
11126
11138
11138
11138
11140
11141
11142
11145
11146
11150
11150
11150
11155
11155
11158
11160
11161
11162
11164
11172
11177
11181
11184
11184
11190
11192
11193
11195
11201
11203
11205
11205
11205
11207
11209
11213
11214
11220
11223
11223
11223
11225
11231
11232
11232
11235
11236
11239
11242
11243
11246
11254
11254
11255
11262
11265
11265
11269
11273
11274
11275
11280
11281
11282
11284
11285
11290
11291
11293
11297
11298
11299
11300
11305
11306
11306
11308
11309
11312
11313
11316
11318
11322
11322
11323
11323
11325
11331
11332
11333
11337
11341
11342
11345
11349
11358
11362
11371
11373
11373
11373
11375
11387
11404
11404
11405
11408
11408
11410
11411
11415
11417
11419
11419
11425
11427
11427
11428
11428
11431
11432
11433
11434
11435
11452
11452
11454
11456
11458
11458
11467
11470
11471
11476
11477
11477
11480
11483
11484
11484
11487
11487
11488
11488
11491
11493
11495
11497
11499
11506
11508
11520
11520
11521
11523
11524
11525
11525
11525
11526
11529
11530
11530
11532
11534
11537
11540
11544
11545
11545
11546
11547
11549
11552
11555
11562
11562
11566
11571
11572
11572
11573
11578
11583
11584
11585
11590
11593
11594
11595
11598
11599
11609
11610
11611
11612
11615
11620
11621
11622
11623
11626
11629
11629
11638
11639
11643
11646
11651
11652
11655
11658
11659
11659
11662
11664
11668
11671
11675
11677
11679
11680
11680
11682
11687
11689
11689
11693
11697
11699
11699
11701
11702
11704
11704
11707
11709
11709
11712
11712
11714
11715
11718
11719
11723
11724
11725
11725
11726
11729
11730
11733
11737
11738
11739
11739
11739
11741
11743
11744
11744
11744
11747
11752
11753
11753
11755
11757
11759
11760
11761
11763
11764
11765
11768
11768
11771
11776
11777
11777
11785
11790
11792
11792
11794
11797
11799
11802
11803
11808
11808
11811
11811
11811
11813
11813
11819
11828
11830
11831
11831
11834
11835
11839
11844
11844
11845
11846
11846
11847
11847
11850
11852
11853
11855
11857
11858
11859
11859
11860
11865
11868
11873
11874
11876
11876
11880
11880
11882
11891
11893
11896
11898
11899
11902
11905
11905
11905
11906
11907
11908
11908
11911
11912
11912
11913
11918
11919
11930
11930
11930
11931
11940
11946
11946
11949
11951
11960
11961
11962
11965
11967
11973
11973
11974
11975
11977
11979
11980
11983
11983
11985
11988
11992
11994
11994
12000
12001
12006
12006
12008
12008
12012
12024
12025
12031
12036
12036
12039
12040
12041
12043
12054
12060
12060
12067
12079
12084
12085
12085
12091
12095
12097
12098
12103
12104
12106
12112
12114
12117
12118
12121
12122
12125
12126
12131
12131
12135
12135
12136
12136
12139
12148
12150
12155
12155
12159
12161
12164
12171
12175
12176
12177
12182
12182
12184
12191
12198
12202
12208
12211
12217
12224
12228
12228
12228
12229
12237
12242
12255
12260
12261
12266
12266
12268
12272
12273
12273
12277
12278
12279
12284
12286
12291
12292
12292
12292
12294
12300
12301
12302
12304
12304
12307
12307
12309
12310
12310
12311
12312
12316
12317
12320
12321
12323
12324
12329
12331
12332
12335
12336
12338
12338
12338
12338
12338
12339
12341
12344
12345
12354
12358
12368
12369
12371
12372
12375
12377
12385
12385
12391
12393
12395
12399
12400
12407
12407
12407
12408
12413
12413
12417
12426
12427
12442
12443
12444
12451
12451
12454
12454
12455
12457
12462
12465
12466
12467
12467
12467
12473
12474
12477
12484
12490
12493
12495
12496
12499
12502
12502
12503
12510
12519
12521
12526
12526
12536
12538
12542
12542
12544
12546
12556
12557
12560
12560
12562
12564
12566
12576
12576
12577
12577
12578
12582
12582
12583
12584
12586
12588
12590
12595
12602
12602
12603
12605
12606
12608
12611
12625
12627
12631
12641
12643
12649
12655
12656
12660
12663
12664
12664
12668
12672
12676
12679
12688
12693
12693
12697
12698
12707
12718
12719
12722
12730
12734
12736
12737
12753
12753
12754
12755
12776
12776
12776
12780
12782
12804
12804
12804
12806
12809
12810
12811
12811
12813
12814
12822
12825
12828
12830
12834
12842
12845
12846
12849
12853
12865
12877
12884
12885
12892
12892
12894
12899
12902
12903
12903
12905
12905
12906
12906
12919
12923
12924
12926
12928
12929
12934
12937
12940
12940
12945
12946
12946
12954
12955
12959
12961
12961
12963
12964
12964
12965
12972
12973
12976
12978
12980
12985
12993
12995
12999
13001
13002
13004
13004
13009
13009
13009
13014
13019
13020
13020
13025
13027
13027
13027
13032
13036
13038
13041
13043
13051
13051
13052
13054
13055
13058
13061
13066
13068
13072
13075
13076
13077
13078
13078
13083
13083
13084
13086
13087
13087
13090
13090
13095
13096
13096
13096
13099
13103
13108
13110
13112
13120
13121
13123
13125
13129
13133
13133
13138
13139
13140
13140
13144
13148
13149
13150
13153
13165
13165
13165
13167
13170
13171
13179
13181
13182
13197
13200
13206
13210
13212
13212
13218
13222
13222
13224
13224
13224
13228
13228
13231
13233
13234
13234
13235
13237
13241
13248
13248
13248
13249
13250
13258
13260
13261
13276
13279
13279
13282
13282
13284
13286
13287
13287
13289
13291
13296
13298
13299
13301
13302
13302
13304
13305
13305
13308
13310
13312
13313
13317
13317
13319
13320
13325
13329
13333
13336
13338
13338
13344
13344
13345
13345
13347
13353
13355
13357
13359
13359
13360
13360
13363
13365
13373
13379
13383
13385
13386
13388
13391
13393
13394
13395
13396
13396
13397
13399
13402
13410
13411
13413
13413
13417
13424
13433
13434
13434
13434
13436
13449
13450
13452
13455
13455
13457
13459
13459
13462
13463
13464
13466
13466
13467
13467
13469
13472
13476
13477
13481
13484
13484
13487
13490
13495
13498
13500
13501
13509
13511
13513
13518
13528
13539
13540
13544
13548
13551
13559
13564
13565
13567
13572
13575
13577
13578
13579
13579
13582
13584
13587
13588
13592
13596
13596
13599
13609
13611
13611
13614
13615
13617
13617
13619
13627
13627
13627
13629
13629
13634
13634
13643
13645
13645
13648
13667
13667
13668
13669
13674
13675
13679
13683
13690
13694
13694
13695
13696
13697
13697
13697
13699
13704
13711
13712
13716
13718
13721
13721
13723
13723
13726
13732
13733
13734
13737
13737
13742
13744
13745
13748
13749
13750
13751
13753
13753
13754
13756
13763
13763
13765
13766
13766
13767
13769
13771
13772
13780
13781
13783
13785
13786
13793
13793
13796
13797
13798
13801
13808
13811
13815
13816
13823
13832
13833
13841
13850
13850
13855
13861
13866
13869
13875
13879
13880
13881
13881
13883
13884
13885
13887
13890
13891
13892
13894
13894
13899
13901
13903
13905
13905
13911
13914
13922
13925
13926
13926
13931
13933
13933
13950
13953
13953
13957
13961
13963
13964
13965
13968
13968
13968
13969
13972
13973
13981
13983
13986
13993
13994
13995
14006
14011
14013
14013
14016
14020
14021
14025
14025
14027
14033
14035
14035
14038
14038
14045
14045
14047
14047
14048
14050
14051
14052
14053
14054
14056
14058
14064
14065
14068
14068
14075
14076
14077
14078
14080
14083
14085
14090
14094
14096
14097
14100
14100
14101
14107
14116
14116
14117
14117
14119
14119
14119
14121
14124
14128
14128
14130
14133
14135
14137
14141
14143
14143
14144
14145
14148
14152
14153
14163
14167
14170
14170
14176
14180
14194
14197
14203
14207
14208
14214
14215
14217
14222
14223
14224
14230
14232
14238
14246
14249
14250
14252
14253
14258
14262
14264
14268
14268
14269
14271
14282
14283
14283
14285
14292
14296
14298
14300
14301
14306
14307
14308
14314
14322
14327
14327
14331
14331
14334
14337
14337
14337
14340
14343
14344
14346
14347
14347
14351
14355
14364
14365
14368
14369
14373
14378
14379
14388
14389
14391
14396
14403
14404
14406
14407
14409
14421
14423
14426
14426
14426
14430
14431
14432
14434
14435
14440
14442
14446
14454
14459
14459
14463
14467
14468
14478
14482
14483
14485
14486
14488
14488
14499
14504
14506
14507
14516
14518
14520
14522
14530
14532
14534
14536
14538
14540
14545
14548
14549
14551
14565
14569
14570
14573
14577
14585
14587
14591
14592
14596
14601
14604
14604
14607
14610
14611
14616
14616
14616
14617
14622
14626
14629
14634
14654
14656
14659
14661
14665
14666
14669
14672
14673
14673
14673
14674
14676
14676
14681
14684
14684
14684
14685
14690
14691
14711
14716
14717
14721
14723
14724
14724
14729
14732
14733
14739
14750
14751
14756
14762
14763
14768
14772
14772
14775
14776
14782
14786
14786
14789
14791
14792
14793
14797
14797
14799
14803
14810
14811
14814
14814
14819
14822
14829
14832
14842
14843
14844
14845
14850
14854
14856
14856
14859
14861
14862
14863
14869
14873
14887
14897
14899
14900
14903
14905
14906
14908
14912
14913
14915
14917
14917
14920
14924
14929
14934
14940
14940
14945
14960
14962
14963
14964
14967
14967
14968
14968
14974
14976
14986
14987
14988
14990
14992
14994
14997
14998
14999
15003
15004
15010
15012
15015
15026
15027
15029
15037
15039
15040
15045
15056
15057
15057
15058
15070
15071
15072
15073
15074
15076
15077
15078
15078
15078
15081
15083
15085
15087
15091
15092
15092
15094
15094
15095
15098
15100
15102
15103
15109
15112
15114
15115
15117
15130
15134
15135
15137
15140
15140
15142
15145
15146
15146
15149
15149
15153
15155
15157
15157
15159
15159
15162
15171
15176
15179
15185
15188
15197
15202
15206
15209
15216
15217
15222
15226
15228
15230
15237
15238
15240
15242
15243
15246
15248
15249
15250
15251
15261
15261
15267
15269
15271
15273
15281
15287
15290
15292
15295
15298
15300
15301
15301
15303
15308
15308
15314
15315
15323
15325
15334
15334
15338
15338
15339
15342
15343
15344
15346
15348
15354
15356
15358
15364
15375
15376
15378
15378
15379
15381
15384
15388
15388
15390
15391
15393
15399
15413
15415
15416
15419
15428
15428
15429
15437
15440
15442
15442
15445
15452
15454
15454
15454
15461
15465
15473
15475
15489
15493
15494
15494
15505
15507
15507
15509
15509
15511
15513
15515
15526
15530
15532
15539
15540
15545
15548
15548
15551
15561
15566
15568
15574
15581
15581
15584
15585
15585
15587
15593
15597
15598
15602
15604
15606
15607
15610
15612
15613
15614
15617
15622
15622
15622
15633
15634
15637
15639
15644
15645
15648
15650
15655
15656
15659
15661
15669
15672
15675
15678
15681
15686
15689
15698
15702
15703
15703
15705
15706
15712
15713
15715
15715
15720
15720
15726
15729
15730
15730
15735
15736
15736
15739
15740
15741
15744
15749
15752
15755
15755
15770
15775
15779
15783
15785
15787
15790
15792
15793
15795
15804
15810
15812
15813
15815
15815
15816
15826
15840
15844
15846
15855
15856
15857
15858
15859
15860
15864
15867
15868
15869
15870
15876
15876
15885
15892
15894
15896
15898
15900
15901
15906
15913
15914
15920
15925
15926
15930
15932
15937
15948
15949
15950
15951
15954
15956
15956
15962
15963
15964
15970
15977
15978
15983
15985
15985
15989
15991
15997
15999
16003
16003
16003
16006
16009
16016
16016
16019
16026
16027
16031
16037
16039
16044
16048
16048
16049
16049
16051
16052
16053
16055
16060
16066
16071
16072
16072
16076
16076
16086
16089
16101
16104
16113
16117
16118
16131
16132
16136
16138
16149
16151
16153
16157
16159
16164
16165
16169
16185
16192
16196
16197
16197
16198
16200
16200
16200
16210
16211
16216
16222
16227
16229
16230
16232
16247
16251
16255
16256
16257
16258
16261
16261
16264
16266
16269
16273
16281
16281
16282
16286
16287
16288
16294
16296
16301
16303
16306
16315
16320
16330
16334
16337
16347
16348
16349
16357
16359
16360
16361
16362
16365
16367
16373
16375
16376
16382
16383
16386
16388
16403
16404
16406
16406
16409
16412
16418
16420
16426
16427
16430
16436
16438
16438
16441
16442
16443
16446
16447
16452
16464
16465
16465
16473
16474
16478
16494
16496
16499
16501
16501
16511
16524
16526
16527
16532
16532
16535
16539
16541
16544
16546
16548
16550
16554
16557
16561
16568
16568
16575
16576
16577
16584
16585
16587
16590
16590
16594
16595
16614
16616
16620
16621
16621
16622
16622
16629
16630
16633
16636
16638
16638
16641
16645
16649
16650
16650
16651
16656
16657
16660
16665
16670
16679
16680
16685
16691
16692
16694
16696
16703
16705
16705
16706
16712
16712
16714
16722
16728
16733
16754
16757
16758
16767
16773
16774
16776
16783
16784
16785
16789
16806
16818
16819
16824
16827
16828
16836
16837
16838
16841
16844
16849
16862
16862
16866
16868
16868
16869
16870
16874
16886
16886
16888
16890
16893
16894
16896
16897
16903
16908
16910
16913
16921
16923
16925
16928
16935
16941
16943
16945
16948
16948
16949
16953
16959
16959
16972
16978
16979
16981
16981
16987
16998
17003
17005
17006
17009
17010
17010
17017
17018
17023
17026
17027
17036
17037
17037
17044
17050
17056
17062
17064
17068
17076
17078
17081
17082
17082
17082
17083
17084
17102
17110
17118
17119
17119
17120
17120
17127
17127
17129
17130
17136
17136
17137
17143
17146
17146
17152
17158
17166
17168
17170
17172
17176
17176
17178
17180
17181
17181
17188
17191
17195
17196
17197
17198
17198
17200
17201
17206
17206
17206
17212
17220
17225
17228
17229
17233
17234
17237
17239
17242
17243
17244
17244
17246
17248
17250
17256
17259
17260
17266
17266
17269
17273
17286
17286
17290
17291
17292
17298
17298
17299
17306
17307
17309
17309
17317
17322
17329
17332
17334
17337
17338
17338
17341
17351
17352
17353
17355
17361
17364
17372
17379
17382
17391
17393
17395
17396
17403
17406
17408
17409
17411
17412
17413
17419
17421
17423
17425
17430
17435
17436
17452
17457
17460
17463
17467
17469
17471
17473
17476
17476
17483
17483
17487
17487
17494
17494
17496
17496
17497
17504
17508
17515
17515
17518
17525
17527
17527
17529
17534
17535
17536
17542
17543
17543
17555
17556
17558
17563
17563
17566
17570
17574
17575
17576
17580
17582
17583
17595
17597
17602
17603
17608
17611
17612
17615
17622
17622
17631
17636
17639
17639
17647
17649
17653
17654
17654
17658
17661
17664
17665
17668
17671
17675
17675
17677
17679
17681
17682
17684
17687
17688
17689
17689
17690
17691
17692
17693
17695
17701
17712
17713
17714
17714
17717
17719
17720
17726
17729
17733
17734
17738
17739
17745
17748
17757
17762
17766
17771
17777
17783
17783
17784
17786
17791
17796
17800
17815
17818
17821
17824
17825
17834
17841
17848
17849
17858
17863
17868
17869
17874
17875
17876
17880
17881
17887
17887
17893
17895
17903
17907
17908
17909
17909
17910
17911
17912
17912
17913
17916
17918
17920
17923
17924
17929
17933
17942
17946
17947
17948
17948
17953
17954
17956
17957
17960
17961
17963
17964
17965
17969
17972
17974
17985
17988
17989
17996
17997
17999
18004
18015
18017
18018
18019
18021
18024
18024
18025
18026
18027
18028
18028
18030
18036
18043
18051
18054
18063
18070
18072
18072
18074
18080
18081
18084
18089
18090
18091
18094
18100
18108
18108
18115
18116
18119
18120
18122
18125
18125
18126
18128
18133
18134
18138
18140
18142
18144
18156
18156
18156
18165
18165
18167
18177
18183
18188
18188
18192
18198
18198
18201
18202
18203
18205
18210
18220
18242
18246
18249
18263
18273
18273
18279
18285
18293
18295
18299
18300
18302
18307
18307
18321
18323
18325
18334
18355
18356
18356
18363
18363
18375
18380
18385
18389
18390
18398
18400
18401
18417
18425
18436
18438
18441
18443
18443
18447
18448
18450
18451
18453
18454
18457
18458
18458
18466
18467
18467
18471
18472
18473
18479
18483
18494
18495
18499
18505
18511
18521
18540
18541
18558
18559
18559
18560
18561
18563
18578
18587
18590
18592
18592
18597
18606
18622
18623
18629
18630
18630
18633
18640
18641
18649
18657
18657
18657
18662
18663
18666
18671
18673
18675
18676
18679
18680
18682
18694
18697
18698
18699
18702
18702
18704
18705
18708
18710
18717
18717
18719
18724
18729
18729
18734
18735
18738
18739
18743
18744
18745
18765
18772
18772
18775
18788
18798
18799
18801
18801
18806
18808
18809
18816
18831
18833
18834
18839
18852
18855
18857
18862
18866
18874
18881
18882
18884
18889
18895
18896
18902
18918
18920
18920
18921
18925
18929
18935
18941
18945
18955
18962
18964
18964
18967
18968
18973
18973
18976
18982
18987
18991
18993
18995
18995
18996
18997
18997
18999
19002
19007
19008
19009
19015
19025
19026
19027
19029
19036
19039
19049
19053
19057
19060
19065
19068
19069
19070
19072
19073
19073
19074
19076
19080
19082
19083
19094
19097
19103
19115
19117
19117
19118
19121
19123
19129
19131
19132
19137
19143
19146
19147
19150
19152
19153
19162
19163
19163
19169
19170
19174
19180
19180
19181
19181
19183
19189
19199
19205
19211
19218
19219
19229
19231
19233
19236
19237
19238
19238
19240
19243
19257
19260
19263
19272
19272
19281
19281
19289
19290
19291
19292
19293
19293
19294
19294
19295
19298
19307
19309
19313
19320
19321
19322
19325
19327
19328
19329
19333
19334
19337
19342
19344
19352
19352
19355
19369
19375
19376
19377
19378
19383
19392
19400
19401
19402
19402
19406
19406
19407
19423
19425
19425
19427
19449
19453
19454
19455
19462
19463
19476
19477
19486
19487
19491
19491
19492
19494
19495
19499
19501
19502
19507
19519
19525
19529
19534
19535
19542
19542
19546
19549
19557
19558
19561
19563
19566
19568
19569
19570
19573
19575
19579
19579
19580
19584
19588
19591
19595
19598
19599
19599
19602
19611
19613
19620
19629
19640
19646
19652
19656
19657
19660
19662
19664
19664
19665
19693
19696
19698
19699
19707
19710
19715
19721
19723
19734
19737
19744
19744
19745
19753
19758
19758
19768
19769
19774
19775
19802
19806
19808
19821
19825
19832
19833
19837
19851
19860
19871
19872
19877
19884
19885
19888
19901
19907
19909
19910
19911
19912
19934
19934
19935
19940
19953
19954
19957
19962
19964
19980
19984
19996
20011
20034
20038
20041
20042
20042
20043
20050
20060
20060
20063
20065
20067
20069
20070
20079
20080
20087
20088
20098
20100
20100
20105
20110
20113
20115
20120
20122
20125
20130
20133
20133
20142
20143
20145
20152
20154
20155
20158
20163
20168
20169
20176
20177
20178
20178
20179
20181
20185
20186
20186
20190
20193
20194
20194
20203
20213
20217
20223
20232
20233
20233
20237
20240
20245
20248
20249
20252
20254
20260
20263
20264
20272
20285
20286
20287
20289
20294
20298
20304
20308
20325
20335
20335
20340
20341
20341
20343
20345
20346
20347
20348
20350
20353
20358
20368
20371
20381
20393
20398
20424
20434
20442
20447
20447
20462
20466
20478
20485
20502
20504
20517
20521
20531
20541
20544
20546
20546
20547
20574
20578
20585
20591
20596
20597
20603
20604
20607
20609
20612
20613
20618
20621
20633
20635
20637
20644
20648
20650
20666
20697
20701
20710
20711
20714
20722
20727
20734
20744
20753
20753
20757
20760
20764
20770
20779
20780
20792
20796
20804
20807
20815
20819
20824
20825
20826
20844
20852
20852
20854
20857
20859
20862
20876
20881
20881
20890
20897
20908
20909
20928
20948
20956
20959
20960
20960
20982
20988
20990
21014
21017
21018
21025
21032
21045
21050
21056
21061
21064
21070
21071
21086
21088
21088
21094
21107
21114
21116
21127
21129
21133
21133
21137
21153
21159
21169
21171
21194
21212
21213
21222
21233
21240
21243
21244
21244
21250
21268
21274
21281
21284
21289
21292
21293
21294
21314
21314
21316
21321
21345
21354
21356
21377
21377
21383
21385
21388
21392
21408
21409
21411
21425
21436
21448
21470
21470
21509
21530
21545
21559
21569
21571
21588
21590
21621
21624
21628
21635
21640
21644
21656
21662
21664
21668
21670
21671
21672
21676
21687
21693
21705
21705
21714
21717
21725
21736
21740
21743
21744
21759
21764
21770
21775
21786
21796
21800
21809
21824
21824
21825
21833
21834
21854
21856
21857
21857
21863
21876
21888
21896
21897
21928
21936
21954
21960
21960
21975
21995
22003
22014
22032
22033
22047
22059
22076
22082
22096
22099
22101
22111
22138
22153
22167
22175
22183
22189
22190
22199
22200
22203
22205
22217
22224
22227
22229
22234
22236
22243
22247
22263
22268
22288
22295
22307
22309
22311
22321
22324
22331
22346
22357
22416
22420
22438
22439
22451
22462
22465
22466
22479
22505
22505
22506
22509
22513
22514
22527
22549
22563
22564
22566
22614
22620
22623
22640
22655
22658
22660
22667
22674
22690
22706
22712
22714
22745
22749
22804
22808
22818
22850
22874
22877
22893
22908
22926
22948
22948
22960
23001
23032
23048
23061
23061
23061
23067
23086
23124
23147
23149
23151
23151
23154
23162
23163
23167
23176
23179
23180
23182
23203
23208
23210
23241
23253
23257
23261
23273
23297
23308
23326
23357
23369
23373
23416
23437
23441
23469
23474
23479
23492
23532
23536
23537
23541
23575
23582
23589
23594
23611
23629
23638
23639
23643
23707
23720
23727
23758
23772
23817
23838
23850
23853
23853
23854
23863
23865
23878
23886
23908
23914
23926
23937
23952
23953
23982
23989
24016
24032
24039
24064
24071
24092
24093
24128
24144
24202
24209
24264
24276
24290
24318
24324
24333
24389
24390
24392
24427
24428
24437
24449
24456
24457
24501
24531
24539
24547
24559
24564
24630
24643
24662
24678
24690
24707
24715
24752
24769
24791
24797
24813
24822
24836
24843
24867
24898
24911
24933
24942
24951
24952
24969
24981
24988
24997
24997
25007
25023
25048
25065
25104
25166
25195
25233
25313
25318
25322
25399
25412
25415
25495
25535
25546
25551
25557
25589
25604
25621
25630
25667
25680
25683
25717
25722
25729
25773
25806
25813
25824
25843
25872
25892
25904
25904
25906
25937
25970
25989
25999
26009
26009
26031
26120
26152
26159
26162
26219
26235
26248
26310
26332
26341
26345
26364
26494
26527
26550
26566
26590
26605
26713
26713
26716
26753
26852
26874
26893
26908
26925
26976
27048
27063
27108
27138
27198
27273
27279
27280
27298
27303
27361
27458
27473
27564
27631
27705
27709
27845
27981
27998
28084
28093
28100
28196
28265
28334
28393
28422
28756
28849
28856
29016
29052
29246
29314
29362
29370
29428
29566
29644
29652
29683
29963
30154
30188
30247
30366
30500
30553
30563
30580
30596
30810
30922
31022
31053
31730
31751
31760
32010
32279
32381
32564
32595
32958
33226
33421
33668
33875
34097
34754
34866
34921
36026
36406
36691
39290
39777
