1000
1002
1004
1006
1006
1007
1008
1010
1011
1014
1015
1015
1018
1019
1019
1021
1022
1024
1025
1025
1025
1026
1026
1027
1027
1029
1029
1032
1035
1035
1035
1038
1040
1042
1043
1043
1043
1047
1048
1049
1051
1051
1052
1053
1053
1053
1053
1057
1060
1060
1061
1061
1061
1062
1063
1063
1063
1063
1063
1064
1065
1065
1066
1066
1067
1068
1069
1069
1070
1070
1072
1073
1075
1075
1075
1076
1076
1077
1077
1077
1079
1079
1080
1080
1081
1082
1083
1084
1084
1086
1090
1092
1092
1093
1093
1095
1095
1096
1096
1096
1097
1097
1098
1100
1100
1101
1101
1102
1102
1102
1102
1103
1104
1104
1106
1106
1108
1109
1111
1111
1111
1112
1112
1113
1114
1114
1117
1118
1118
1120
1121
1121
1123
1124
1124
1125
1126
1127
1127
1128
1129
1129
1130
1130
1130
1131
1132
1132
1133
1137
1137
1138
1138
1140
1144
1145
1148
1149
1149
1151
1153
1153
1154
1154
1154
1156
1157
1157
1158
1158
1160
1161
1161
1162
1164
1164
1165
1165
1167
1167
1168
1168
1169
1172
1173
1174
1174
1174
1174
1175
1176
1177
1179
1180
1183
1186
1186
1186
1186
1187
1187
1187
1187
1188
1189
1189
1189
1191
1191
1191
1191
1191
1192
1193
1195
1195
1196
1196
1196
1197
1197
1198
1198
1199
1199
1200
1200
1201
1201
1202
1203
1203
1203
1204
1205
1205
1205
1206
1206
1206
1206
1207
1207
1209
1211
1211
1212
1213
1214
1215
1217
1217
1218
1218
1220
1221
1221
1222
1223
1223
1223
1225
1225
1226
1226
1228
1229
1229
1229
1231
1231
1231
1231
1232
1233
1234
1234
1236
1237
1237
1238
1238
1238
1238
1240
1241
1241
1241
1241
1241
1242
1242
1242
1242
1242
1243
1244
1244
1246
1247
1248
1249
1250
1251
1252
1252
1253
1253
1254
1254
1255
1255
1257
1257
1257
1259
1259
1261
1262
1262
1262
1262
1263
1263
1264
1264
1267
1267
1268
1268
1268
1269
1270
1272
1272
1273
1273
1273
1273
1275
1275
1276
1278
1278
1279
1279
1281
1281
1281
1281
1282
1283
1284
1284
1285
1287
1289
1291
1293
1293
1294
1294
1296
1299
1300
1300
1302
1304
1304
1304
1304
1308
1309
1309
1309
1310
1311
1313
1313
1313
1314
1314
1315
1315
1316
1317
1318
1318
1318
1318
1320
1320
1320
1321
1323
1325
1327
1328
1328
1329
1330
1330
1330
1330
1330
1331
1331
1331
1332
1332
1335
1337
1337
1337
1338
1338
1338
1339
1339
1340
1340
1341
1342
1342
1343
1344
1346
1346
1347
1347
1349
1350
1351
1351
1352
1352
1353
1353
1353
1354
1355
1355
1355
1356
1356
1356
1357
1357
1358
1359
1360
1361
1361
1362
1363
1363
1364
1364
1365
1365
1366
1367
1367
1367
1367
1368
1368
1369
1370
1370
1371
1371
1372
1372
1372
1373
1373
1374
1374
1374
1376
1376
1378
1379
1379
1380
1381
1382
1382
1383
1383
1383
1383
1384
1384
1385
1386
1386
1388
1389
1390
1391
1392
1392
1394
1397
1398
1399
1400
1400
1401
1403
1404
1405
1406
1407
1409
1411
1411
1411
1411
1412
1413
1414
1415
1415
1415
1415
1416
1416
1417
1417
1418
1419
1419
1420
1421
1425
1426
1427
1427
1428
1430
1430
1432
1432
1433
1433
1433
1433
1434
1434
1435
1435
1437
1438
1439
1439
1440
1441
1442
1443
1443
1444
1445
1446
1446
1447
1448
1448
1449
1450
1450
1451
1451
1452
1452
1453
1455
1455
1455
1456
1456
1456
1456
1457
1458
1458
1458
1459
1460
1460
1460
1462
1462
1463
1465
1465
1465
1466
1466
1467
1467
1468
1468
1469
1470
1470
1470
1471
1473
1473
1475
1475
1476
1477
1478
1479
1481
1483
1484
1484
1485
1485
1486
1487
1487
1487
1489
1490
1490
1491
1492
1492
1493
1498
1498
1498
1499
1499
1500
1500
1501
1504
1505
1506
1508
1509
1509
1509
1510
1510
1510
1511
1511
1511
1512
1514
1515
1515
1516
1516
1517
1520
1522
1524
1525
1525
1525
1526
1528
1530
1530
1531
1531
1532
1532
1532
1533
1536
1537
1537
1538
1538
1539
1540
1542
1543
1544
1544
1546
1547
1547
1548
1548
1549
1550
1550
1550
1552
1552
1553
1556
1557
1557
1557
1558
1559
1559
1560
1560
1560
1560
1560
1561
1561
1561
1562
1564
1564
1565
1566
1568
1568
1568
1570
1570
1573
1578
1578
1579
1579
1579
1580
1580
1581
1582
1583
1583
1583
1584
1584
1584
1585
1586
1589
1592
1592
1593
1594
1596
1596
1596
1597
1597
1597
1597
1598
1598
1598
1598
1599
1600
1601
1601
1602
1603
1604
1605
1605
1605
1605
1606
1606
1609
1609
1610
1610
1610
1612
1613
1614
1614
1615
1616
1617
1617
1617
1618
1619
1619
1620
1621
1621
1622
1624
1628
1628
1628
1629
1630
1630
1630
1630
1631
1633
1633
1633
1633
1633
1636
1639
1640
1642
1644
1645
1646
1646
1647
1647
1648
1648
1649
1650
1650
1650
1651
1651
1652
1652
1653
1654
1654
1656
1659
1659
1661
1661
1661
1662
1662
1664
1665
1666
1668
1668
1669
1670
1671
1672
1673
1673
1673
1677
1679
1679
1681
1681
1681
1682
1684
1684
1685
1688
1688
1688
1689
1689
1689
1690
1690
1691
1693
1694
1694
1695
1695
1696
1697
1698
1699
1700
1702
1705
1706
1706
1707
1708
1708
1708
1709
1709
1710
1710
1710
1712
1714
1715
1716
1716
1716
1717
1717
1717
1717
1718
1721
1721
1722
1723
1723
1724
1725
1725
1726
1726
1729
1730
1731
1733
1734
1735
1737
1738
1738
1739
1740
1740
1740
1742
1743
1745
1746
1746
1746
1747
1747
1748
1749
1751
1751
1752
1752
1754
1757
1758
1759
1760
1760
1760
1762
1762
1763
1765
1766
1766
1766
1767
1768
1769
1769
1769
1770
1771
1771
1772
1772
1773
1773
1774
1775
1775
1776
1776
1776
1777
1779
1779
1781
1782
1782
1785
1786
1788
1789
1790
1790
1790
1791
1793
1797
1798
1798
1799
1800
1801
1802
1803
1804
1806
1807
1808
1808
1808
1810
1811
1813
1814
1814
1815
1816
1817
1818
1818
1819
1820
1820
1821
1821
1822
1822
1824
1825
1830
1831
1832
1832
1833
1833
1833
1833
1834
1834
1835
1836
1836
1836
1838
1838
1839
1839
1840
1840
1841
1843
1844
1844
1845
1846
1846
1846
1848
1848
1849
1849
1849
1852
1853
1853
1853
1853
1854
1854
1854
1855
1856
1857
1858
1858
1859
1860
1860
1860
1861
1862
1862
1863
1863
1864
1864
1864
1865
1867
1870
1870
1871
1871
1872
1872
1872
1873
1873
1874
1874
1875
1875
1876
1877
1878
1878
1879
1880
1881
1883
1884
1884
1884
1884
1885
1885
1885
1887
1887
1887
1890
1891
1892
1893
1896
1897
1898
1899
1901
1901
1902
1902
1902
1903
1903
1904
1904
1905
1906
1907
1910
1910
1912
1913
1914
1915
1916
1918
1919
1919
1920
1921
1921
1922
1922
1922
1923
1923
1924
1924
1924
1925
1925
1926
1930
1932
1933
1933
1933
1934
1935
1938
1938
1941
1941
1941
1942
1944
1945
1945
1946
1946
1947
1947
1948
1949
1950
1952
1953
1953
1954
1955
1955
1959
1960
1960
1960
1961
1961
1961
1962
1963
1963
1964
1964
1964
1965
1967
1968
1968
1969
1969
1969
1970
1971
1971
1971
1971
1972
1975
1976
1976
1977
1979
1980
1980
1981
1982
1983
1983
1983
1984
1985
1985
1985
1986
1986
1986
1987
1987
1988
1989
1989
1990
1990
1991
1992
1992
1993
1995
1996
1996
1997
1997
1999
2000
2002
2002
2002
2003
2004
2004
2004
2005
2005
2005
2007
2008
2008
2009
2009
2010
2010
2012
2012
2012
2013
2013
2013
2014
2014
2015
2015
2017
2018
2018
2018
2019
2020
2020
2022
2024
2025
2025
2026
2027
2031
2031
2031
2033
2033
2034
2034
2034
2035
2035
2035
2035
2036
2038
2041
2041
2043
2045
2046
2048
2048
2048
2050
2050
2051
2051
2051
2053
2056
2056
2057
2057
2058
2058
2059
2061
2061
2062
2062
2062
2064
2065
2065
2066
2068
2068
2070
2071
2073
2073
2074
2074
2075
2077
2077
2078
2078
2079
2079
2080
2080
2081
2081
2081
2082
2082
2082
2083
2083
2083
2084
2085
2086
2087
2088
2088
2089
2089
2090
2091
2091
2092
2092
2094
2095
2095
2096
2096
2098
2098
2098
2099
2100
2101
2102
2102
2103
2103
2104
2105
2106
2106
2108
2108
2109
2109
2110
2113
2115
2116
2116
2117
2118
2119
2120
2120
2120
2121
2121
2121
2122
2122
2123
2124
2124
2125
2125
2126
2126
2127
2128
2128
2129
2129
2129
2130
2131
2131
2132
2133
2133
2136
2136
2139
2139
2139
2140
2141
2143
2143
2143
2144
2144
2145
2145
2146
2146
2149
2150
2150
2151
2151
2153
2153
2153
2153
2153
2154
2154
2155
2157
2157
2158
2160
2161
2162
2164
2164
2165
2167
2168
2168
2171
2172
2172
2173
2174
2174
2175
2176
2177
2177
2178
2178
2179
2180
2180
2182
2182
2185
2186
2187
2188
2189
2192
2192
2193
2193
2198
2198
2198
2198
2199
2202
2202
2203
2204
2204
2204
2204
2204
2205
2206
2207
2207
2208
2211
2212
2213
2213
2214
2214
2215
2216
2216
2217
2218
2220
2220
2220
2221
2221
2222
2223
2223
2223
2225
2225
2226
2226
2227
2229
2232
2232
2232
2233
2234
2234
2235
2237
2240
2242
2242
2243
2244
2244
2246
2247
2248
2249
2249
2250
2251
2251
2252
2253
2253
2254
2254
2255
2255
2257
2257
2258
2258
2258
2259
2259
2260
2261
2261
2261
2263
2263
2263
2264
2264
2264
2265
2266
2267
2268
2270
2270
2270
2271
2272
2274
2276
2276
2276
2278
2278
2280
2281
2281
2282
2283
2283
2283
2283
2284
2285
2286
2288
2288
2288
2289
2290
2292
2292
2294
2294
2294
2294
2297
2297
2300
2300
2300
2301
2303
2304
2307
2307
2308
2311
2311
2311
2311
2312
2313
2314
2315
2315
2316
2319
2321
2321
2324
2324
2325
2326
2326
2327
2328
2329
2330
2330
2333
2334
2335
2335
2335
2336
2336
2336
2337
2337
2338
2338
2340
2341
2343
2343
2344
2346
2347
2347
2348
2349
2349
2350
2350
2350
2351
2352
2352
2352
2353
2353
2353
2353
2354
2355
2355
2355
2356
2356
2357
2358
2359
2359
2359
2360
2360
2360
2361
2363
2363
2363
2364
2364
2364
2365
2366
2366
2366
2366
2367
2368
2368
2369
2369
2369
2370
2375
2376
2379
2379
2384
2385
2385
2385
2385
2386
2387
2388
2389
2390
2391
2392
2394
2395
2396
2397
2398
2400
2401
2402
2402
2402
2403
2403
2406
2407
2407
2407
2408
2408
2408
2412
2414
2414
2414
2415
2416
2417
2418
2418
2420
2420
2421
2421
2423
2425
2425
2426
2426
2426
2426
2427
2428
2428
2430
2430
2430
2431
2431
2431
2432
2432
2432
2433
2433
2433
2433
2434
2436
2436
2437
2438
2439
2439
2440
2442
2442
2442
2443
2443
2444
2445
2446
2447
2448
2449
2451
2451
2451
2452
2452
2452
2452
2454
2454
2455
2456
2456
2457
2458
2459
2459
2460
2461
2461
2462
2462
2462
2463
2465
2465
2466
2467
2469
2470
2471
2472
2473
2473
2474
2477
2479
2481
2481
2482
2483
2484
2485
2485
2487
2489
2490
2491
2492
2493
2494
2497
2498
2499
2500
2501
2501
2503
2504
2504
2504
2505
2506
2507
2507
2508
2510
2510
2511
2511
2512
2513
2513
2514
2515
2515
2516
2517
2517
2518
2518
2518
2520
2520
2522
2522
2523
2525
2525
2526
2527
2528
2528
2528
2530
2530
2530
2532
2532
2533
2535
2537
2541
2542
2543
2543
2543
2544
2544
2546
2546
2546
2547
2549
2549
2549
2550
2550
2550
2550
2552
2554
2554
2554
2555
2555
2556
2557
2558
2559
2560
2561
2561
2562
2563
2564
2565
2567
2567
2567
2568
2570
2570
2570
2571
2571
2574
2574
2575
2576
2577
2578
2578
2578
2579
2580
2581
2581
2582
2582
2583
2584
2585
2586
2587
2589
2589
2589
2591
2591
2592
2592
2592
2592
2594
2596
2598
2599
2601
2601
2602
2603
2604
2604
2606
2607
2607
2608
2608
2609
2609
2611
2612
2613
2614
2615
2616
2616
2616
2618
2618
2619
2619
2620
2621
2622
2623
2624
2625
2626
2627
2628
2628
2628
2628
2629
2629
2629
2630
2630
2631
2632
2632
2633
2634
2635
2636
2636
2638
2641
2642
2642
2642
2642
2645
2647
2649
2649
2649
2650
2651
2652
2652
2654
2656
2656
2657
2657
2657
2658
2659
2659
2660
2661
2662
2662
2665
2666
2666
2667
2668
2668
2670
2671
2671
2671
2672
2673
2676
2677
2678
2678
2678
2678
2679
2680
2681
2681
2682
2683
2683
2686
2686
2687
2687
2688
2689
2690
2691
2694
2695
2696
2697
2699
2699
2699
2700
2700
2701
2702
2704
2706
2706
2707
2708
2710
2712
2714
2715
2716
2716
2718
2719
2719
2720
2723
2724
2725
2725
2725
2726
2728
2729
2730
2730
2730
2735
2735
2739
2739
2741
2742
2742
2743
2743
2744
2746
2746
2747
2748
2749
2750
2750
2750
2750
2751
2751
2752
2754
2754
2755
2756
2758
2760
2760
2761
2767
2767
2768
2768
2768
2771
2772
2773
2774
2775
2775
2775
2776
2777
2778
2779
2779
2779
2781
2782
2782
2782
2782
2783
2783
2783
2784
2784
2787
2787
2788
2788
2789
2790
2790
2791
2791
2792
2792
2793
2793
2795
2796
2796
2797
2797
2799
2799
2800
2800
2801
2801
2803
2806
2806
2807
2808
2809
2809
2809
2812
2814
2816
2817
2817
2818
2819
2820
2823
2823
2824
2824
2826
2828
2829
2829
2829
2831
2831
2832
2832
2834
2834
2835
2837
2838
2844
2845
2846
2847
2847
2848
2848
2848
2849
2851
2852
2852
2854
2856
2857
2857
2857
2859
2863
2863
2864
2864
2865
2866
2868
2869
2869
2869
2870
2870
2873
2874
2875
2875
2876
2876
2876
2876
2878
2880
2881
2881
2882
2883
2885
2885
2886
2886
2887
2887
2888
2891
2892
2893
2894
2894
2896
2897
2899
2906
2906
2906
2906
2907
2908
2908
2909
2912
2912
2913
2915
2915
2918
2918
2918
2920
2920
2920
2920
2920
2921
2922
2922
2923
2923
2926
2927
2929
2933
2933
2936
2937
2938
2938
2940
2941
2942
2942
2943
2944
2946
2947
2948
2950
2951
2951
2952
2953
2954
2955
2955
2957
2957
2957
2958
2958
2959
2959
2963
2964
2965
2965
2967
2967
2967
2970
2971
2972
2972
2972
2972
2973
2973
2974
2974
2978
2979
2979
2979
2979
2980
2980
2982
2982
2984
2984
2986
2986
2987
2988
2989
2991
2991
2992
2992
2992
2992
2994
2994
2996
2996
2998
2998
2999
3000
3001
3001
3002
3004
3005
3005
3005
3005
3006
3007
3009
3009
3011
3012
3012
3014
3014
3015
3016
3016
3018
3018
3019
3020
3020
3021
3021
3021
3022
3023
3024
3026
3026
3027
3027
3028
3029
3030
3032
3034
3036
3037
3038
3038
3038
3042
3043
3043
3044
3044
3046
3047
3047
3047
3047
3047
3047
3049
3050
3050
3051
3055
3060
3061
3063
3064
3064
3065
3066
3069
3070
3073
3074
3074
3076
3076
3077
3077
3077
3078
3079
3079
3079
3080
3080
3081
3084
3084
3084
3085
3085
3087
3088
3089
3091
3091
3092
3092
3093
3093
3093
3095
3096
3098
3099
3100
3100
3103
3106
3106
3106
3107
3109
3109
3110
3110
3111
3116
3117
3118
3118
3119
3121
3121
3122
3122
3123
3124
3125
3125
3127
3127
3131
3133
3137
3138
3140
3140
3141
3142
3143
3143
3145
3146
3146
3147
3148
3153
3156
3157
3159
3159
3161
3162
3163
3165
3167
3170
3171
3172
3176
3177
3177
3177
3180
3182
3184
3184
3185
3186
3187
3187
3188
3188
3189
3190
3191
3192
3193
3196
3196
3199
3200
3201
3201
3201
3202
3202
3203
3203
3203
3203
3204
3204
3204
3205
3207
3207
3207
3208
3212
3212
3215
3215
3216
3216
3216
3218
3218
3219
3222
3224
3226
3227
3228
3228
3228
3230
3230
3232
3233
3233
3234
3234
3236
3236
3237
3239
3239
3239
3242
3243
3244
3245
3247
3247
3248
3250
3252
3252
3253
3254
3254
3254
3255
3257
3258
3260
3262
3262
3262
3263
3264
3272
3274
3274
3275
3275
3275
3277
3277
3278
3278
3278
3279
3279
3281
3285
3286
3286
3288
3288
3288
3289
3289
3290
3291
3292
3292
3292
3292
3293
3293
3294
3296
3298
3298
3299
3300
3300
3301
3301
3301
3302
3303
3303
3304
3304
3308
3308
3308
3309
3309
3310
3311
3314
3316
3319
3321
3325
3326
3326
3326
3326
3327
3327
3328
3331
3332
3332
3335
3337
3337
3338
3340
3342
3343
3343
3343
3345
3345
3346
3347
3348
3348
3351
3352
3353
3353
3353
3356
3356
3358
3359
3360
3362
3362
3364
3365
3365
3366
3367
3368
3368
3368
3368
3369
3371
3373
3374
3374
3377
3377
3379
3379
3383
3385
3385
3387
3387
3388
3388
3388
3388
3389
3389
3391
3391
3392
3394
3394
3395
3395
3395
3396
3396
3396
3397
3398
3398
3399
3400
3401
3401
3402
3402
3406
3407
3408
3408
3409
3409
3410
3410
3411
3412
3412
3412
3413
3414
3414
3415
3416
3416
3417
3418
3418
3422
3425
3428
3428
3430
3430
3432
3433
3433
3433
3439
3443
3444
3447
3447
3447
3448
3448
3449
3449
3451
3451
3452
3453
3454
3456
3456
3456
3458
3458
3459
3460
3460
3462
3465
3465
3467
3469
3469
3469
3470
3471
3472
3473
3476
3477
3478
3479
3480
3482
3483
3483
3484
3484
3485
3486
3488
3489
3489
3490
3491
3491
3492
3493
3493
3493
3494
3496
3501
3502
3503
3505
3511
3514
3514
3516
3516
3516
3517
3520
3523
3525
3526
3527
3529
3530
3530
3532
3534
3535
3537
3538
3538
3541
3541
3542
3542
3543
3543
3547
3547
3548
3548
3548
3549
3549
3551
3554
3555
3555
3556
3557
3557
3558
3559
3559
3561
3562
3564
3565
3565
3569
3569
3571
3573
3575
3576
3577
3579
3580
3581
3583
3586
3587
3588
3588
3590
3592
3592
3592
3593
3595
3595
3595
3595
3596
3598
3598
3598
3598
3599
3599
3599
3602
3602
3602
3604
3605
3607
3608
3609
3610
3614
3614
3615
3617
3618
3618
3621
3621
3621
3625
3626
3626
3627
3627
3628
3628
3631
3631
3634
3635
3635
3635
3635
3636
3640
3641
3642
3643
3644
3646
3647
3648
3649
3650
3650
3650
3651
3652
3652
3653
3653
3655
3656
3657
3660
3661
3663
3665
3665
3666
3667
3667
3667
3667
3667
3668
3669
3669
3670
3672
3675
3676
3676
3681
3682
3685
3686
3689
3691
3692
3692
3693
3694
3695
3696
3696
3699
3699
3702
3704
3705
3705
3706
3706
3707
3707
3708
3708
3709
3711
3711
3711
3713
3713
3714
3715
3717
3717
3717
3718
3718
3719
3721
3721
3721
3722
3723
3723
3725
3727
3728
3729
3731
3731
3733
3735
3736
3738
3739
3739
3740
3741
3745
3749
3749
3750
3751
3751
3751
3752
3755
3755
3757
3758
3759
3760
3761
3762
3765
3765
3765
3767
3768
3771
3771
3773
3774
3776
3777
3778
3778
3778
3779
3780
3780
3783
3783
3783
3784
3785
3786
3786
3787
3789
3790
3791
3791
3793
3794
3794
3794
3801
3802
3804
3804
3805
3806
3807
3807
3808
3810
3815
3816
3817
3818
3819
3819
3819
3822
3824
3825
3829
3831
3831
3832
3834
3836
3838
3839
3840
3843
3844
3845
3846
3847
3847
3848
3850
3850
3851
3853
3856
3857
3857
3858
3859
3862
3863
3866
3867
3868
3868
3868
3872
3876
3879
3880
3883
3884
3885
3885
3886
3892
3892
3895
3896
3897
3897
3898
3899
3903
3905
3905
3906
3908
3908
3908
3909
3912
3913
3913
3915
3915
3916
3917
3917
3918
3919
3919
3923
3923
3923
3923
3924
3925
3926
3926
3928
3931
3933
3933
3934
3934
3937
3938
3939
3941
3941
3942
3943
3943
3945
3946
3948
3951
3951
3951
3954
3958
3959
3959
3960
3960
3961
3962
3964
3971
3971
3972
3975
3976
3977
3977
3977
3979
3982
3984
3986
3986
3987
3988
3988
3988
3989
3989
3989
3990
3994
3995
3996
3996
3997
4000
4001
4004
4008
4008
4008
4009
4009
4010
4012
4012
4015
4016
4017
4017
4018
4020
4021
4023
4023
4023
4024
4025
4026
4027
4029
4032
4035
4036
4036
4038
4038
4038
4038
4039
4042
4043
4043
4046
4047
4048
4051
4052
4053
4053
4054
4055
4056
4058
4059
4060
4062
4063
4063
4063
4065
4068
4069
4072
4073
4076
4079
4081
4081
4082
4083
4084
4084
4086
4087
4090
4091
4091
4092
4092
4094
4094
4094
4094
4096
4096
4101
4101
4102
4103
4108
4111
4111
4112
4112
4112
4114
4116
4116
4117
4117
4123
4124
4125
4127
4129
4130
4130
4132
4134
4134
4135
4136
4136
4137
4137
4138
4138
4139
4140
4143
4143
4143
4144
4144
4145
4147
4149
4149
4150
4150
4152
4158
4161
4161
4163
4163
4166
4167
4170
4170
4175
4178
4184
4184
4185
4188
4188
4193
4194
4195
4196
4200
4200
4200
4203
4206
4206
4208
4211
4211
4212
4213
4213
4217
4217
4217
4219
4221
4225
4225
4227
4228
4229
4230
4230
4237
4239
4239
4239
4239
4240
4241
4241
4243
4244
4245
4246
4247
4248
4250
4251
4253
4255
4256
4259
4259
4261
4261
4263
4264
4264
4264
4266
4267
4270
4275
4275
4278
4279
4281
4282
4285
4287
4289
4291
4292
4293
4293
4294
4296
4299
4300
4301
4304
4305
4315
4322
4322
4324
4326
4327
4329
4330
4332
4333
4340
4340
4341
4344
4344
4344
4344
4346
4349
4350
4351
4352
4353
4355
4359
4360
4361
4363
4366
4366
4367
4368
4369
4371
4371
4371
4373
4373
4375
4377
4380
4381
4384
4384
4384
4385
4388
4394
4395
4396
4397
4398
4399
4399
4400
4401
4402
4403
4405
4406
4406
4408
4410
4410
4413
4414
4415
4415
4415
4416
4418
4418
4421
4422
4422
4423
4423
4423
4425
4427
4429
4430
4431
4431
4433
4434
4437
4438
4439
4440
4442
4442
4442
4443
4443
4445
4445
4445
4446
4446
4449
4449
4450
4451
4453
4453
4454
4455
4456
4457
4457
4459
4460
4461
4461
4462
4463
4467
4467
4468
4472
4473
4475
4477
4478
4480
4480
4481
4484
4484
4486
4487
4488
4489
4489
4490
4490
4493
4495
4495
4496
4498
4499
4499
4499
4499
4500
4501
4502
4502
4504
4507
4510
4512
4515
4516
4517
4518
4519
4519
4520
4521
4522
4523
4527
4529
4531
4534
4537
4541
4542
4542
4543
4544
4545
4545
4547
4550
4550
4552
4552
4554
4557
4558
4558
4560
4560
4560
4561
4562
4569
4570
4570
4572
4573
4574
4576
4577
4578
4580
4582
4582
4582
4583
4585
4589
4589
4591
4591
4592
4597
4598
4599
4602
4605
4606
4608
4608
4609
4611
4613
4613
4615
4615
4617
4619
4621
4621
4621
4626
4628
4629
4631
4634
4638
4639
4640
4640
4641
4643
4643
4646
4647
4649
4650
4653
4655
4656
4659
4660
4661
4662
4664
4665
4665
4665
4665
4666
4668
4670
4671
4672
4674
4676
4678
4680
4682
4682
4684
4684
4685
4688
4690
4691
4691
4693
4695
4695
4698
4701
4702
4704
4706
4706
4706
4708
4713
4713
4715
4716
4718
4719
4719
4723
4724
4726
4727
4730
4730
4730
4731
4732
4734
4734
4735
4737
4738
4740
4740
4741
4742
4744
4746
4747
4747
4750
4752
4752
4754
4755
4757
4758
4760
4760
4762
4764
4766
4767
4772
4773
4773
4774
4777
4777
4779
4780
4781
4782
4784
4786
4787
4788
4789
4789
4792
4792
4794
4795
4795
4796
4801
4801
4806
4807
4811
4811
4811
4812
4814
4815
4816
4818
4819
4820
4820
4820
4821
4822
4825
4825
4827
4828
4831
4831
4833
4833
4835
4835
4836
4837
4841
4843
4846
4849
4849
4850
4853
4854
4854
4854
4855
4856
4856
4856
4857
4857
4858
4861
4863
4865
4866
4868
4868
4869
4869
4870
4872
4873
4874
4874
4875
4877
4878
4879
4879
4880
4880
4880
4882
4883
4885
4885
4885
4885
4887
4887
4888
4890
4890
4896
4896
4897
4897
4898
4902
4902
4905
4907
4909
4912
4914
4916
4917
4918
4918
4919
4920
4925
4926
4928
4928
4929
4929
4930
4930
4931
4931
4931
4934
4934
4935
4935
4937
4940
4945
4947
4948
4948
4951
4952
4952
4952
4953
4953
4953
4954
4955
4958
4958
4959
4962
4962
4963
4965
4966
4967
4969
4969
4971
4971
4971
4973
4974
4975
4976
4978
4979
4979
4980
4980
4981
4982
4982
4984
4986
4986
4987
4988
4988
4989
4990
4991
4991
4992
4992
4995
4995
4996
4996
4996
4998
4999
4999
5000
5001
5002
5004
5005
5006
5008
5009
5010
5012
5013
5015
5015
5019
5020
5021
5022
5023
5026
5029
5029
5030
5030
5032
5034
5036
5036
5037
5038
5038
5041
5043
5046
5047
5047
5049
5050
5051
5052
5055
5056
5057
5059
5061
5066
5069
5070
5074
5074
5074
5075
5076
5085
5085
5087
5089
5089
5091
5093
5094
5098
5099
5104
5107
5109
5111
5112
5112
5113
5113
5114
5114
5118
5119
5120
5122
5123
5123
5124
5124
5127
5127
5130
5132
5133
5136
5138
5138
5140
5141
5142
5143
5146
5146
5146
5146
5150
5152
5153
5154
5156
5156
5156
5157
5158
5159
5159
5160
5166
5167
5169
5170
5171
5172
5173
5174
5175
5177
5184
5185
5185
5185
5186
5186
5189
5192
5194
5198
5204
5206
5206
5206
5220
5225
5225
5228
5228
5229
5230
5231
5234
5235
5236
5236
5239
5245
5245
5246
5246
5246
5248
5248
5248
5249
5253
5254
5255
5256
5256
5257
5257
5259
5259
5262
5263
5263
5269
5274
5276
5279
5282
5282
5282
5284
5285
5286
5287
5287
5288
5289
5289
5291
5298
5300
5301
5303
5305
5305
5305
5308
5314
5314
5317
5318
5318
5321
5323
5326
5327
5327
5331
5331
5333
5337
5338
5338
5341
5344
5345
5345
5347
5348
5349
5349
5353
5354
5356
5357
5359
5361
5364
5366
5367
5368
5371
5371
5374
5375
5375
5376
5377
5382
5382
5382
5384
5384
5384
5387
5390
5390
5390
5391
5392
5394
5395
5395
5395
5396
5396
5402
5406
5406
5408
5409
5419
5421
5421
5424
5426
5426
5431
5431
5432
5434
5435
5439
5441
5442
5444
5448
5451
5452
5457
5458
5458
5462
5462
5463
5464
5465
5465
5468
5470
5470
5470
5472
5474
5476
5478
5479
5479
5480
5480
5482
5483
5485
5486
5487
5488
5490
5492
5497
5497
5498
5500
5500
5501
5503
5505
5508
5508
5512
5513
5515
5515
5515
5517
5519
5523
5525
5525
5531
5532
5533
5536
5536
5540
5541
5543
5545
5547
5548
5549
5549
5549
5550
5551
5551
5552
5555
5556
5558
5559
5562
5562
5564
5566
5567
5569
5572
5575
5575
5578
5585
5585
5585
5587
5588
5588
5589
5590
5592
5595
5596
5598
5598
5599
5599
5600
5605
5606
5607
5607
5609
5610
5612
5613
5615
5620
5623
5624
5625
5626
5628
5629
5629
5630
5632
5633
5633
5636
5637
5638
5639
5642
5643
5643
5646
5649
5654
5655
5660
5660
5661
5663
5665
5665
5666
5666
5666
5667
5667
5668
5669
5670
5671
5672
5673
5674
5680
5680
5681
5682
5683
5684
5685
5685
5687
5688
5692
5694
5695
5699
5703
5705
5709
5712
5713
5716
5716
5717
5718
5718
5719
5721
5724
5725
5726
5726
5729
5729
5730
5730
5733
5733
5735
5738
5739
5740
5742
5743
5744
5745
5746
5746
5746
5748
5748
5748
5751
5751
5753
5758
5764
5765
5767
5769
5772
5774
5774
5775
5775
5775
5777
5779
5782
5782
5793
5794
5794
5795
5799
5801
5802
5802
5803
5804
5804
5809
5809
5810
5811
5818
5819
5821
5824
5824
5825
5827
5828
5830
5831
5832
5833
5833
5834
5837
5841
5850
5851
5856
5856
5857
5862
5862
5862
5862
5865
5865
5865
5865
5867
5868
5868
5869
5869
5869
5872
5872
5880
5884
5884
5887
5891
5893
5901
5901
5902
5904
5906
5907
5908
5908
5909
5909
5912
5912
5918
5919
5919
5920
5920
5924
5925
5927
5927
5928
5930
5930
5931
5932
5935
5942
5943
5943
5945
5947
5948
5948
5949
5952
5954
5954
5956
5957
5957
5957
5958
5958
5958
5962
5964
5966
5967
5967
5971
5973
5974
5976
5981
5981
5982
5983
5983
5984
5987
5988
5990
5991
5992
5993
5994
6000
6000
6001
6001
6005
6005
6007
6007
6010
6010
6011
6011
6012
6012
6019
6023
6024
6024
6025
6027
6027
6027
6027
6028
6030
6031
6031
6032
6033
6033
6035
6035
6039
6044
6044
6046
6048
6048
6049
6051
6053
6053
6053
6053
6053
6054
6056
6057
6058
6060
6061
6062
6064
6066
6070
6072
6074
6075
6075
6078
6078
6078
6080
6080
6080
6085
6085
6086
6086
6088
6089
6089
6092
6092
6094
6095
6095
6096
6096
6104
6105
6105
6106
6109
6109
6110
6112
6112
6113
6115
6122
6123
6123
6125
6125
6128
6134
6135
6136
6143
6143
6144
6144
6145
6149
6152
6153
6155
6158
6160
6161
6162
6163
6163
6165
6170
6173
6174
6180
6180
6181
6183
6184
6184
6187
6188
6190
6191
6194
6194
6194
6197
6198
6199
6199
6199
6199
6205
6206
6208
6208
6209
6209
6210
6211
6214
6218
6220
6221
6223
6223
6224
6227
6230
6231
6233
6234
6235
6235
6236
6238
6240
6240
6241
6243
6243
6244
6246
6246
6247
6248
6249
6250
6250
6251
6253
6254
6257
6263
6263
6265
6266
6267
6267
6268
6268
6269
6270
6272
6273
6274
6279
6279
6280
6282
6283
6283
6285
6286
6288
6289
6296
6297
6297
6297
6297
6298
6299
6299
6299
6300
6300
6301
6302
6302
6304
6307
6307
6307
6309
6310
6312
6312
6312
6315
6316
6321
6324
6327
6330
6331
6331
6331
6332
6332
6338
6339
6339
6339
6342
6344
6344
6346
6347
6348
6348
6356
6356
6357
6359
6361
6364
6367
6368
6368
6368
6369
6369
6371
6374
6374
6375
6376
6377
6384
6385
6385
6386
6387
6387
6387
6388
6389
6390
6390
6393
6395
6396
6397
6398
6399
6400
6409
6413
6414
6417
6417
6417
6418
6418
6422
6423
6423
6423
6426
6427
6430
6430
6431
6434
6436
6448
6450
6450
6451
6456
6456
6458
6460
6461
6465
6465
6466
6470
6471
6474
6475
6475
6476
6478
6478
6486
6487
6488
6489
6489
6491
6494
6496
6497
6498
6500
6503
6504
6505
6506
6507
6507
6508
6508
6508
6511
6514
6517
6517
6518
6519
6521
6524
6526
6527
6527
6527
6529
6529
6535
6537
6538
6544
6544
6547
6547
6548
6548
6553
6556
6558
6561
6562
6568
6568
6570
6572
6574
6577
6578
6580
6589
6590
6598
6599
6599
6600
6600
6602
6603
6604
6604
6605
6605
6608
6608
6617
6617
6622
6627
6629
6630
6631
6632
6632
6634
6635
6636
6636
6637
6644
6646
6648
6650
6652
6653
6653
6653
6655
6657
6657
6662
6665
6666
6666
6667
6668
6669
6672
6674
6674
6676
6677
6680
6681
6683
6684
6688
6688
6689
6691
6692
6693
6698
6698
6699
6700
6705
6706
6709
6710
6711
6714
6716
6716
6717
6720
6721
6721
6722
6723
6723
6728
6729
6734
6736
6737
6738
6740
6740
6742
6744
6745
6746
6746
6747
6748
6753
6753
6754
6754
6754
6754
6755
6757
6758
6759
6760
6763
6766
6772
6773
6774
6775
6778
6780
6781
6783
6786
6788
6789
6790
6790
6792
6795
6796
6797
6800
6800
6800
6801
6806
6810
6814
6815
6816
6817
6819
6821
6821
6822
6823
6824
6824
6827
6833
6834
6834
6836
6837
6839
6842
6842
6844
6845
6845
6847
6852
6852
6852
6854
6856
6857
6859
6863
6864
6865
6867
6868
6869
6870
6873
6874
6874
6875
6875
6877
6878
6879
6880
6883
6883
6884
6885
6886
6886
6889
6890
6892
6893
6894
6897
6899
6900
6902
6902
6902
6903
6903
6904
6907
6915
6917
6918
6919
6919
6926
6927
6927
6929
6930
6930
6931
6931
6933
6933
6934
6936
6936
6937
6938
6939
6943
6944
6948
6949
6950
6954
6956
6957
6957
6958
6958
6959
6964
6967
6969
6972
6974
6976
6976
6976
6979
6981
6983
6988
6989
6990
6990
6995
6997
7001
7001
7002
7003
7004
7004
7004
7004
7005
7008
7008
7010
7011
7013
7015
7015
7019
7022
7029
7029
7033
7035
7036
7038
7040
7040
7040
7046
7046
7047
7048
7050
7051
7053
7057
7058
7059
7063
7066
7068
7071
7073
7076
7076
7077
7077
7081
7083
7091
7092
7093
7094
7094
7096
7097
7098
7099
7099
7101
7101
7103
7105
7105
7106
7108
7109
7109
7109
7111
7112
7113
7114
7117
7118
7119
7120
7121
7121
7124
7127
7129
7132
7133
7133
7136
7137
7137
7137
7139
7139
7142
7143
7146
7148
7149
7149
7153
7156
7156
7159
7159
7159
7159
7160
7162
7164
7164
7165
7165
7167
7167
7169
7169
7172
7172
7175
7176
7177
7177
7178
7180
7180
7181
7182
7183
7185
7185
7186
7186
7190
7190
7191
7192
7193
7195
7196
7196
7197
7199
7201
7203
7206
7212
7212
7213
7216
7217
7220
7223
7223
7224
7224
7225
7225
7225
7226
7228
7230
7230
7232
7232
7233
7238
7242
7245
7245
7248
7249
7250
7254
7255
7256
7258
7259
7260
7261
7264
7265
7266
7269
7271
7272
7273
7275
7279
7279
7280
7282
7282
7284
7285
7287
7289
7291
7292
7292
7292
7297
7300
7300
7301
7304
7304
7305
7306
7306
7308
7308
7308
7313
7313
7315
7318
7324
7326
7326
7327
7330
7335
7336
7336
7338
7343
7346
7346
7350
7352
7355
7357
7358
7360
7364
7364
7364
7366
7366
7368
7370
7370
7371
7372
7373
7375
7377
7378
7380
7382
7382
7386
7387
7388
7393
7393
7395
7395
7399
7399
7401
7406
7411
7413
7414
7415
7415
7416
7417
7421
7422
7427
7428
7428
7429
7435
7437
7440
7440
7441
7441
7444
7445
7447
7447
7448
7448
7452
7458
7461
7462
7463
7464
7465
7465
7467
7467
7469
7470
7470
7471
7471
7472
7476
7478
7479
7479
7480
7481
7481
7484
7486
7486
7487
7493
7494
7497
7499
7504
7504
7506
7515
7518
7520
7525
7534
7534
7536
7536
7537
7538
7538
7540
7544
7547
7548
7549
7550
7550
7552
7552
7554
7557
7559
7559
7560
7560
7565
7567
7568
7570
7571
7575
7577
7577
7578
7579
7580
7580
7580
7582
7583
7583
7583
7588
7591
7591
7592
7595
7596
7596
7597
7599
7600
7601
7606
7607
7607
7608
7614
7615
7615
7616
7619
7622
7624
7624
7627
7628
7629
7629
7632
7633
7634
7634
7635
7638
7641
7642
7644
7645
7646
7646
7648
7648
7649
7654
7659
7660
7661
7665
7665
7666
7667
7670
7673
7674
7675
7675
7676
7676
7678
7679
7680
7682
7683
7685
7685
7687
7688
7688
7689
7690
7690
7692
7692
7693
7694
7694
7696
7697
7698
7700
7700
7703
7704
7704
7707
7708
7709
7710
7711
7712
7712
7714
7718
7719
7720
7721
7728
7728
7728
7728
7731
7734
7734
7738
7738
7740
7743
7743
7743
7744
7745
7748
7751
7756
7758
7758
7760
7764
7764
7769
7770
7772
7775
7778
7779
7782
7783
7785
7788
7789
7795
7795
7796
7796
7798
7799
7799
7799
7805
7809
7810
7812
7812
7813
7815
7816
7818
7819
7819
7820
7823
7823
7824
7824
7827
7828
7829
7830
7831
7832
7832
7833
7833
7838
7839
7840
7840
7840
7841
7841
7843
7845
7845
7845
7849
7855
7856
7861
7861
7863
7866
7866
7866
7870
7870
7871
7877
7879
7882
7883
7883
7886
7887
7887
7887
7888
7890
7893
7895
7896
7896
7896
7897
7897
7897
7898
7900
7902
7903
7904
7906
7908
7909
7909
7911
7912
7916
7916
7918
7919
7923
7923
7924
7924
7924
7924
7929
7930
7930
7932
7933
7938
7940
7940
7940
7940
7948
7950
7950
7951
7953
7954
7956
7956
7962
7963
7966
7966
7967
7967
7967
7972
7972
7973
7977
7978
7982
7982
7984
7985
7985
7985
7991
7993
7993
7994
7994
8008
8009
8010
8012
8013
8013
8014
8015
8016
8016
8022
8026
8028
8028
8029
8031
8041
8042
8046
8049
8052
8055
8061
8069
8070
8071
8072
8074
8076
8076
8079
8082
8083
8083
8083
8085
8088
8089
8090
8091
8095
8095
8101
8103
8106
8110
8112
8112
8114
8115
8118
8119
8120
8120
8121
8121
8122
8122
8123
8123
8124
8126
8127
8127
8127
8128
8128
8130
8133
8133
8134
8135
8140
8140
8141
8141
8143
8146
8147
8149
8152
8153
8153
8156
8156
8157
8158
8159
8160
8162
8165
8167
8168
8170
8171
8173
8173
8174
8177
8182
8183
8184
8184
8188
8195
8196
8197
8208
8209
8210
8210
8215
8218
8218
8220
8222
8222
8223
8223
8224
8229
8230
8231
8235
8243
8243
8246
8251
8253
8255
8257
8258
8259
8260
8260
8261
8262
8265
8268
8269
8270
8271
8271
8273
8274
8275
8277
8277
8277
8278
8278
8278
8287
8288
8289
8292
8292
8295
8297
8297
8297
8302
8303
8305
8308
8310
8311
8312
8312
8313
8313
8313
8314
8315
8318
8321
8321
8321
8330
8331
8331
8334
8335
8335
8335
8339
8339
8342
8344
8345
8345
8346
8346
8348
8349
8352
8354
8355
8355
8357
8359
8359
8360
8362
8363
8363
8366
8367
8368
8369
8370
8373
8373
8373
8373
8376
8376
8377
8379
8379
8380
8381
8384
8385
8385
8387
8388
8389
8390
8391
8393
8394
8397
8402
8403
8408
8410
8410
8413
8416
8417
8417
8418
8419
8424
8426
8426
8427
8427
8431
8431
8440
8442
8442
8446
8449
8449
8451
8454
8457
8457
8457
8457
8459
8460
8466
8469
8474
8475
8478
8484
8484
8487
8488
8493
8494
8495
8497
8498
8498
8502
8503
8503
8503
8506
8507
8507
8508
8511
8515
8518
8519
8520
8520
8521
8523
8526
8529
8530
8530
8531
8532
8535
8535
8535
8536
8537
8537
8538
8540
8541
8547
8548
8548
8552
8553
8555
8557
8557
8559
8560
8562
8562
8567
8567
8568
8569
8575
8576
8577
8577
8580
8582
8589
8591
8594
8594
8595
8595
8599
8600
8608
8608
8610
8611
8613
8617
8620
8620
8622
8622
8625
8628
8628
8629
8632
8634
8635
8637
8638
8639
8639
8641
8643
8648
8648
8651
8655
8659
8662
8669
8674
8675
8677
8679
8682
8682
8685
8685
8685
8687
8688
8688
8690
8690
8692
8697
8698
8698
8699
8703
8704
8705
8705
8709
8712
8714
8717
8717
8717
8719
8719
8728
8728
8729
8729
8734
8737
8739
8743
8746
8753
8756
8756
8761
8769
8772
8773
8774
8774
8775
8775
8776
8779
8784
8785
8787
8788
8789
8790
8791
8794
8794
8796
8796
8800
8802
8803
8808
8810
8810
8810
8813
8816
8817
8819
8819
8825
8827
8827
8827
8827
8828
8828
8828
8830
8832
8833
8833
8838
8841
8842
8842
8842
8846
8848
8850
8851
8851
8852
8856
8858
8858
8859
8861
8867
8868
8869
8870
8875
8877
8878
8879
8880
8880
8883
8886
8889
8890
8891
8896
8897
8897
8898
8900
8902
8903
8903
8905
8906
8908
8911
8912
8916
8917
8918
8920
8922
8925
8926
8926
8930
8932
8933
8933
8935
8935
8939
8940
8941
8942
8942
8942
8942
8945
8947
8949
8950
8952
8953
8954
8954
8955
8955
8956
8957
8958
8958
8959
8961
8962
8964
8965
8966
8967
8967
8973
8976
8978
8985
8985
8986
8987
8991
8991
8992
8993
9003
9004
9006
9008
9009
9012
9020
9021
9021
9023
9024
9024
9029
9030
9036
9041
9046
9049
9053
9056
9058
9059
9064
9064
9065
9068
9069
9069
9076
9079
9084
9085
9085
9087
9091
9097
9099
9101
9102
9103
9103
9108
9108
9108
9109
9111
9111
9113
9114
9114
9116
9117
9118
9118
9119
9122
9123
9126
9129
9132
9133
9133
9134
9136
9137
9142
9144
9144
9144
9146
9147
9149
9149
9149
9152
9152
9155
9158
9160
9163
9163
9166
9166
9166
9168
9173
9176
9179
9179
9179
9180
9181
9186
9189
9190
9190
9194
9198
9204
9204
9208
9209
9210
9224
9227
9227
9228
9237
9238
9242
9243
9246
9247
9249
9251
9254
9255
9257
9260
9262
9266
9268
9269
9271
9271
9274
9275
9280
9281
9281
9283
9287
9287
9289
9290
9291
9292
9296
9300
9301
9301
9303
9308
9309
9310
9315
9316
9320
9321
9324
9326
9328
9331
9332
9332
9334
9334
9334
9335
9336
9339
9341
9342
9350
9350
9353
9356
9358
9359
9366
9366
9367
9369
9369
9373
9378
9382
9385
9387
9396
9404
9408
9408
9409
9412
9418
9419
9419
9421
9427
9427
9427
9428
9435
9436
9437
9438
9439
9440
9447
9449
9452
9452
9453
9455
9457
9457
9460
9462
9466
9473
9473
9476
9477
9480
9480
9482
9483
9484
9485
9487
9488
9489
9489
9490
9490
9491
9491
9493
9497
9500
9503
9503
9506
9507
9507
9507
9508
9510
9511
9517
9524
9524
9526
9529
9530
9531
9532
9533
9534
9535
9535
9535
9536
9538
9539
9540
9541
9541
9544
9546
9546
9548
9548
9548
9548
9548
9551
9554
9554
9555
9557
9570
9570
9571
9572
9573
9576
9579
9580
9580
9580
9580
9583
9587
9588
9592
9593
9596
9598
9599
9601
9605
9607
9614
9614
9615
9615
9615
9617
9618
9619
9620
9626
9629
9631
9638
9638
9639
9640
9643
9644
9646
9650
9652
9653
9660
9661
9661
9661
9664
9664
9665
9669
9669
9671
9673
9676
9682
9686
9686
9687
9692
9695
9696
9701
9705
9705
9709
9713
9713
9716
9721
9723
9726
9731
9732
9734
9738
9742
9744
9745
9747
9748
9749
9749
9752
9752
9756
9757
9759
9760
9761
9761
9762
9767
9769
9771
9773
9775
9777
9778
9779
9779
9780
9784
9786
9788
9789
9790
9790
9792
9799
9802
9803
9804
9807
9808
9811
9812
9820
9823
9823
9826
9828
9831
9835
9837
9839
9843
9844
9845
9845
9848
9849
9850
9851
9852
9854
9854
9860
9866
9870
9872
9872
9874
9877
9877
9879
9879
9882
9882
9883
9888
9889
9890
9890
9895
9895
9897
9897
9897
9898
9898
9900
9905
9906
9906
9908
9911
9913
9913
9914
9915
9915
9919
9920
9921
9923
9924
9926
9930
9930
9933
9934
9934
9936
9937
9939
9940
9941
9946
9947
9947
9949
9950
9951
9951
9953
9953
9956
9959
9959
9968
9968
9969
9972
9973
9976
9977
9978
9979
9984
9984
9985
9986
9987
9988
9989
9991
9993
9995
9995
9995
9998
9998
9999
10003
10004
10006
10007
10008
10009
10009
10010
10010
10011
10012
10013
10016
10019
10019
10020
10020
10022
10025
10026
10027
10027
10028
10030
10031
10031
10033
10034
10035
10038
10041
10041
10042
10044
10045
10046
10046
10047
10050
10050
10052
10055
10060
10062
10062
10062
10063
10064
10064
10066
10066
10066
10068
10069
10079
10079
10082
10083
10088
10095
10096
10098
10098
10099
10101
10102
10102
10111
10113
10113
10118
10120
10121
10124
10124
10131
10131
10134
10136
10139
10148
10149
10155
10156
10158
10160
10161
10161
10166
10168
10170
10171
10173
10175
10177
10179
10180
10183
10189
10192
10192
10193
10195
10199
10202
10202
10202
10203
10203
10204
10205
10206
10208
10209
10209
10210
10210
10211
10212
10213
10213
10216
10218
10221
10223
10224
10224
10224
10226
10227
10228
10232
10236
10241
10242
10244
10244
10251
10253
10254
10255
10255
10258
10262
10265
10265
10265
10270
10272
10274
10277
10279
10280
10281
10282
10283
10283
10285
10288
10289
10290
10291
10292
10293
10294
10294
10296
10297
10297
10297
10298
10300
10302
10311
10317
10321
10321
10324
10325
10328
10329
10330
10330
10332
10334
10335
10335
10336
10336
10336
10339
10340
10341
10342
10343
10343
10348
10352
10360
10361
10361
10362
10362
10363
10367
10375
10377
10381
10381
10383
10384
10385
10386
10387
10388
10392
10394
10400
10403
10404
10407
10408
10412
10414
10415
10415
10420
10421
10422
10423
10425
10425
10426
10426
10427
10428
10428
10430
10435
10438
10445
10451
10455
10456
10457
10459
10463
10464
10466
10466
10471
10471
10472
10473
10476
10476
10478
10480
10484
10488
10490
10500
10502
10504
10507
10508
10508
10508
10509
10509
10511
10513
10518
10521
10521
10522
10527
10529
10529
10531
10540
10542
10542
10545
10545
10548
10549
10550
10553
10554
10556
10561
10566
10570
10571
10576
10578
10578
10579
10580
10581
10582
10583
10584
10585
10587
10587
10587
10588
10588
10590
10591
10592
10593
10595
10603
10606
10612
10613
10618
10619
10619
10629
10629
10631
10635
10640
10641
10644
10644
10648
10651
10651
10652
10654
10654
10656
10656
10658
10659
10662
10663
10667
10669
10669
10671
10671
10677
10678
10678
10682
10683
10684
10684
10690
10691
10691
10691
10693
10697
10697
10698
10698
10699
10702
10703
10704
10705
10705
10711
10720
10720
10722
10722
10725
10729
10733
10739
10740
10741
10741
10742
10742
10744
10745
10747
10749
10752
10752
10754
10754
10757
10757
10760
10761
10763
10768
10768
10770
10772
10773
10775
10777
10784
10786
10786
10790
10791
10793
10796
10796
10798
10805
10806
10806
10808
10808
10808
10810
10810
10811
10826
10827
10829
10830
10831
10836
10837
10838
10843
10845
10845
10846
10847
10852
10853
10857
10863
10863
10864
10880
10882
10887
10888
10889
10889
10892
10893
10893
10895
10897
10904
10906
10909
10910
10913
10914
10916
10920
10923
10923
10927
10927
10931
10932
10936
10938
10940
10946
10947
10950
10950
10954
10955
10957
10958
10961
10961
10963
10971
10974
10976
10976
10976
10977
10980
10980
10981
10984
10986
10986
10987
10989
10989
10991
10994
10998
10998
11000
11002
11003
11006
11007
11014
11015
11016
11018
11022
11024
11025
11028
11029
11030
11030
11030
11033
11033
11036
11039
11039
11045
11045
11048
11050
11051
11052
11052
11054
11058
11062
11066
11067
11069
11071
11072
11077
11079
11080
11082
11083
11087
11089
11090
11090
11091
11091
11096
11096
11096
11100
11105
11106
11108
11111
11112
11114
11115
11115
11119
11120
11122
11123
11126
11126
11128
11129
11132
11136
11138
11139
11139
11141
11145
11147
11148
11149
11151
11153
11156
11158
11162
11168
11169
11169
11175
11175
11180
11181
11187
11193
11195
11200
11202
11204
11205
11206
11213
11214
11214
11219
11222
11224
11224
11226
11233
11233
11234
11246
11248
11249
11250
11251
11252
11253
11254
11256
11259
11261
11267
11267
11272
11273
11274
11276
11278
11280
11281
11282
11283
11284
11286
11290
11291
11292
11292
11295
11297
11298
11300
11303
11305
11307
11307
11315
11315
11316
11316
11321
11324
11330
11334
11338
11340
11341
11342
11343
11344
11349
11353
11361
11364
11368
11369
11376
11377
11383
11387
11387
11388
11391
11392
11395
11398
11399
11400
11401
11402
11406
11408
11409
11409
11411
11412
11421
11432
11432
11436
11437
11438
11444
11447
11448
11452
11454
11458
11458
11460
11469
11470
11473
11474
11474
11475
11477
11478
11480
11481
11481
11482
11484
11484
11484
11485
11486
11486
11495
11499
11501
11505
11506
11511
11513
11514
11516
11517
11518
11519
11520
11522
11525
11525
11525
11528
11529
11531
11532
11543
11547
11553
11553
11555
11556
11560
11564
11575
11576
11578
11583
11584
11585
11587
11591
11592
11593
11597
11597
11601
11603
11604
11610
11620
11620
11621
11623
11628
11638
11641
11641
11643
11651
11652
11652
11653
11660
11661
11663
11665
11667
11670
11675
11675
11675
11676
11676
11677
11678
11679
11680
11688
11693
11693
11694
11694
11695
11695
11696
11698
11698
11698
11699
11703
11708
11710
11712
11715
11717
11718
11719
11719
11721
11722
11725
11726
11728
11728
11731
11731
11732
11735
11736
11736
11737
11738
11739
11739
11755
11757
11761
11764
11767
11768
11768
11769
11769
11769
11770
11773
11773
11773
11774
11777
11781
11786
11787
11790
11791
11800
11801
11802
11802
11805
11807
11809
11813
11814
11819
11821
11823
11823
11826
11827
11831
11832
11834
11837
11839
11840
11841
11841
11844
11845
11851
11853
11853
11855
11862
11862
11865
11869
11870
11875
11878
11879
11881
11885
11889
11895
11896
11898
11898
11899
11903
11904
11904
11905
11905
11906
11911
11912
11912
11913
11925
11926
11928
11930
11943
11943
11944
11945
11947
11949
11950
11950
11955
11956
11960
11963
11965
11973
11976
11977
11978
11988
11990
11993
11996
11999
12000
12001
12004
12004
12016
12019
12021
12032
12033
12034
12037
12041
12041
12043
12046
12046
12056
12070
12073
12073
12073
12074
12078
12080
12083
12090
12092
12093
12095
12095
12096
12096
12100
12101
12104
12110
12115
12117
12120
12128
12130
12131
12134
12143
12147
12147
12150
12155
12158
12158
12163
12168
12168
12168
12175
12175
12176
12178
12181
12195
12202
12206
12208
12209
12212
12214
12217
12218
12219
12223
12225
12232
12237
12241
12241
12242
12253
12253
12255
12257
12260
12262
12263
12265
12267
12271
12272
12277
12279
12283
12284
12287
12290
12291
12291
12295
12297
12300
12302
12307
12307
12308
12308
12313
12313
12314
12316
12322
12323
12327
12334
12335
12336
12337
12338
12341
12343
12344
12349
12352
12352
12357
12359
12368
12370
12370
12370
12371
12373
12374
12376
12377
12378
12386
12393
12398
12403
12405
12406
12410
12413
12416
12420
12428
12429
12429
12434
12437
12444
12451
12453
12455
12457
12458
12465
12465
12465
12465
12466
12468
12471
12473
12478
12480
12481
12481
12491
12492
12498
12499
12500
12509
12510
12513
12514
12514
12516
12519
12520
12520
12525
12526
12526
12527
12532
12532
12543
12546
12553
12556
12556
12561
12561
12561
12561
12565
12566
12569
12573
12576
12577
12577
12577
12582
12588
12589
12592
12597
12600
12605
12606
12608
12618
12622
12627
12628
12633
12637
12654
12655
12656
12656
12660
12662
12663
12664
12664
12683
12694
12705
12707
12710
12711
12713
12715
12727
12733
12734
12736
12750
12751
12752
12753
12757
12759
12773
12775
12776
12780
12784
12785
12786
12786
12794
12796
12800
12807
12811
12813
12820
12820
12820
12821
12822
12823
12837
12837
12842
12853
12860
12864
12865
12867
12869
12872
12875
12875
12875
12876
12878
12881
12884
12889
12891
12892
12899
12902
12903
12911
12914
12916
12919
12920
12921
12922
12925
12925
12930
12934
12937
12941
12944
12944
12946
12954
12955
12956
12957
12959
12959
12961
12965
12966
12972
12972
12977
12981
12982
12988
12988
12989
12991
13001
13001
13004
13006
13006
13006
13007
13008
13009
13020
13024
13025
13026
13028
13029
13036
13039
13050
13051
13054
13055
13055
13057
13059
13059
13064
13066
13067
13072
13073
13075
13075
13078
13082
13082
13082
13084
13085
13087
13091
13096
13097
13097
13098
13103
13104
13111
13111
13117
13119
13120
13124
13127
13127
13133
13143
13146
13147
13148
13149
13157
13158
13159
13160
13165
13170
13178
13178
13179
13184
13184
13186
13198
13200
13203
13203
13211
13211
13213
13214
13217
13220
13223
13223
13224
13224
13224
13227
13230
13233
13241
13247
13247
13249
13250
13253
13257
13260
13260
13260
13261
13262
13262
13262
13265
13266
13273
13275
13279
13280
13280
13280
13286
13287
13291
13294
13296
13300
13301
13302
13302
13304
13306
13308
13309
13312
13314
13315
13323
13326
13327
13327
13331
13331
13332
13332
13336
13341
13343
13344
13347
13350
13352
13354
13356
13361
13361
13363
13364
13367
13371
13375
13375
13378
13380
13381
13383
13386
13386
13388
13389
13389
13389
13392
13394
13395
13396
13400
13400
13409
13412
13419
13428
13435
13436
13437
13438
13442
13446
13447
13448
13450
13452
13455
13457
13458
13460
13461
13461
13464
13464
13465
13466
13466
13467
13472
13477
13482
13486
13490
13492
13498
13504
13520
13530
13535
13536
13538
13538
13543
13544
13545
13545
13548
13553
13557
13564
13567
13571
13576
13577
13579
13580
13582
13583
13583
13591
13591
13595
13595
13597
13600
13601
13603
13608
13608
13609
13612
13615
13615
13624
13628
13628
13633
13634
13640
13641
13642
13645
13647
13648
13649
13657
13663
13667
13669
13672
13674
13675
13677
13677
13679
13682
13688
13690
13690
13691
13694
13694
13695
13701
13710
13711
13712
13712
13712
13714
13717
13717
13719
13719
13722
13724
13725
13727
13728
13730
13730
13737
13740
13743
13743
13752
13755
13757
13760
13762
13763
13763
13765
13765
13766
13770
13771
13772
13778
13783
13787
13787
13792
13797
13802
13808
13815
13815
13816
13818
13823
13824
13828
13830
13833
13834
13835
13835
13838
13841
13842
13845
13845
13847
13855
13856
13858
13863
13866
13867
13868
13869
13870
13873
13874
13874
13876
13883
13885
13885
13885
13890
13899
13906
13907
13908
13908
13918
13919
13920
13922
13923
13925
13929
13932
13933
13935
13939
13943
13945
13947
13949
13952
13957
13967
13969
13970
13972
13972
13972
13978
13979
13983
13986
13991
13992
13994
13998
14001
14001
14001
14005
14009
14014
14014
14015
14019
14019
14026
14035
14036
14036
14037
14041
14042
14046
14050
14050
14056
14060
14063
14064
14067
14067
14068
14068
14072
14074
14076
14077
14077
14078
14081
14084
14086
14088
14088
14091
14092
14094
14096
14098
14100
14101
14107
14119
14119
14120
14122
14123
14128
14128
14136
14140
14144
14148
14152
14154
14156
14157
14166
14169
14170
14170
14181
14194
14197
14202
14205
14206
14213
14215
14224
14229
14231
14239
14245
14248
14251
14254
14256
14261
14262
14272
14274
14277
14277
14281
14282
14282
14282
14284
14288
14288
14288
14289
14291
14295
14296
14298
14306
14307
14312
14314
14314
14316
14317
14319
14321
14323
14323
14325
14330
14330
14332
14335
14336
14340
14344
14344
14352
14353
14355
14356
14360
14364
14364
14378
14387
14389
14393
14396
14399
14399
14403
14405
14407
14409
14411
14418
14419
14426
14429
14431
14434
14441
14446
14451
14460
14464
14464
14465
14466
14466
14467
14469
14471
14476
14476
14479
14487
14488
14489
14491
14492
14504
14508
14511
14512
14526
14526
14529
14531
14531
14533
14539
14540
14544
14546
14551
14554
14555
14557
14560
14568
14569
14570
14586
14588
14590
14592
14600
14601
14603
14603
14603
14604
14610
14616
14620
14623
14628
14629
14633
14639
14641
14642
14648
14649
14649
14650
14651
14653
14660
14661
14672
14672
14673
14674
14683
14684
14688
14711
14711
14715
14715
14716
14717
14720
14723
14730
14739
14751
14756
14758
14761
14761
14761
14764
14765
14766
14772
14779
14781
14783
14785
14789
14790
14794
14799
14799
14802
14806
14808
14811
14818
14819
14820
14822
14823
14828
14831
14832
14835
14839
14842
14850
14865
14866
14869
14871
14872
14879
14881
14884
14886
14888
14893
14893
14896
14897
14901
14904
14905
14908
14911
14912
14917
14921
14921
14926
14927
14927
14929
14935
14944
14949
14950
14954
14956
14959
14959
14964
14965
14966
14968
14973
14973
14979
14984
14984
14985
14985
14985
14985
14987
14992
14998
15002
15003
15013
15014
15018
15022
15025
15025
15026
15030
15039
15042
15047
15051
15051
15052
15053
15054
15056
15063
15066
15070
15072
15075
15076
15077
15078
15080
15083
15086
15087
15090
15091
15094
15095
15097
15098
15099
15106
15107
15112
15114
15114
15124
15125
15127
15127
15131
15137
15140
15140
15140
15146
15147
15148
15150
15158
15160
15165
15166
15169
15175
15178
15181
15181
15193
15197
15200
15202
15202
15204
15206
15209
15211
15216
15217
15217
15221
15225
15230
15238
15242
15243
15245
15247
15249
15250
15260
15267
15268
15268
15270
15271
15279
15281
15286
15288
15289
15289
15291
15293
15296
15302
15303
15306
15308
15310
15314
15316
15322
15337
15338
15346
15347
15347
15348
15353
15355
15360
15367
15369
15370
15371
15377
15378
15379
15380
15381
15383
15390
15390
15391
15395
15404
15405
15405
15409
15410
15410
15418
15418
15425
15427
15431
15436
15441
15441
15447
15454
15467
15473
15474
15478
15479
15481
15486
15489
15489
15493
15494
15495
15495
15499
15499
15502
15504
15511
15518
15521
15529
15532
15533
15534
15534
15538
15541
15546
15547
15548
15549
15550
15553
15556
15558
15561
15568
15570
15571
15574
15576
15577
15577
15579
15580
15581
15588
15589
15591
15598
15600
15606
15616
15616
15617
15618
15622
15627
15628
15628
15628
15629
15635
15637
15638
15648
15649
15650
15650
15654
15657
15661
15663
15674
15675
15687
15693
15694
15696
15708
15715
15715
15717
15719
15720
15736
15736
15740
15742
15743
15749
15749
15751
15752
15760
15764
15765
15771
15781
15785
15785
15788
15789
15789
15789
15792
15793
15795
15800
15802
15803
15815
15817
15829
15830
15836
15839
15842
15843
15844
15845
15846
15849
15854
15856
15859
15860
15864
15868
15871
15873
15876
15886
15891
15892
15895
15897
15900
15901
15908
15908
15909
15915
15916
15920
15930
15931
15932
15940
15943
15947
15949
15952
15961
15963
15963
15963
15965
15972
15973
15979
15979
15982
15989
15989
15990
15993
15996
15998
16003
16004
16006
16008
16014
16025
16032
16033
16038
16038
16042
16043
16048
16050
16052
16052
16053
16054
16056
16062
16065
16066
16066
16068
16085
16101
16102
16115
16116
16126
16132
16134
16135
16138
16140
16145
16147
16149
16151
16153
16156
16165
16166
16168
16170
16184
16185
16193
16195
16199
16199
16201
16208
16209
16210
16215
16221
16221
16227
16229
16232
16234
16237
16251
16253
16255
16256
16264
16268
16272
16272
16276
16276
16279
16280
16282
16282
16292
16294
16295
16296
16298
16299
16301
16302
16311
16318
16331
16336
16346
16348
16348
16350
16350
16353
16355
16356
16362
16362
16366
16366
16373
16376
16381
16382
16383
16389
16390
16395
16396
16398
16400
16402
16403
16411
16413
16417
16420
16424
16425
16438
16446
16448
16450
16453
16453
16456
16461
16464
16465
16474
16484
16489
16491
16494
16495
16498
16498
16510
16510
16512
16512
16512
16516
16517
16526
16529
16530
16531
16539
16550
16550
16554
16557
16565
16568
16572
16576
16576
16578
16578
16582
16589
16590
16602
16602
16603
16607
16612
16615
16617
16622
16625
16627
16628
16630
16635
16637
16638
16639
16639
16641
16641
16649
16649
16665
16667
16670
16672
16678
16679
16680
16682
16685
16686
16689
16690
16692
16695
16711
16731
16732
16746
16747
16749
16753
16754
16756
16760
16762
16768
16771
16779
16786
16789
16805
16806
16809
16815
16819
16821
16821
16823
16823
16831
16834
16835
16836
16839
16840
16846
16849
16850
16856
16858
16870
16873
16873
16877
16878
16890
16890
16893
16895
16901
16907
16907
16909
16913
16914
16918
16918
16919
16921
16922
16922
16929
16931
16932
16935
16939
16948
16948
16953
16959
16965
16969
16973
16974
16975
16985
16991
16991
16993
16996
16996
17002
17006
17012
17017
17021
17023
17025
17027
17032
17035
17043
17045
17058
17063
17069
17070
17070
17075
17076
17078
17080
17085
17088
17097
17098
17102
17105
17106
17108
17109
17114
17115
17116
17117
17120
17122
17128
17128
17131
17137
17141
17142
17155
17157
17157
17158
17159
17159
17169
17169
17171
17174
17178
17180
17182
17182
17182
17184
17189
17190
17193
17193
17193
17194
17195
17197
17197
17201
17206
17216
17222
17224
17233
17234
17235
17238
17240
17244
17244
17248
17249
17256
17256
17258
17258
17259
17276
17277
17277
17283
17284
17285
17311
17312
17312
17312
17313
17315
17321
17322
17322
17324
17330
17332
17338
17338
17340
17342
17345
17351
17353
17362
17370
17372
17378
17379
17381
17382
17388
17391
17392
17392
17392
17393
17400
17402
17407
17408
17409
17410
17425
17426
17429
17433
17434
17439
17445
17451
17452
17454
17466
17469
17476
17476
17477
17483
17487
17495
17504
17505
17505
17507
17508
17511
17512
17513
17515
17519
17519
17524
17528
17541
17542
17542
17549
17550
17550
17552
17553
17553
17555
17556
17565
17566
17570
17572
17575
17591
17591
17603
17606
17608
17610
17612
17612
17616
17618
17622
17627
17631
17646
17646
17648
17649
17653
17653
17657
17657
17658
17658
17663
17663
17665
17665
17667
17667
17672
17672
17674
17675
17678
17678
17679
17679
17682
17682
17682
17684
17684
17685
17687
17691
17704
17706
17709
17724
17724
17725
17726
17733
17735
17744
17746
17748
17751
17753
17764
17765
17766
17771
17777
17778
17794
17801
17802
17805
17813
17814
17815
17818
17824
17834
17837
17847
17857
17858
17859
17863
17865
17868
17871
17872
17876
17879
17886
17887
17892
17892
17895
17897
17897
17897
17903
17904
17904
17904
17908
17908
17909
17911
17913
17913
17914
17919
17920
17930
17931
17932
17935
17936
17941
17941
17942
17945
17950
17956
17958
17960
17964
17971
17972
17979
17982
17986
17991
17994
17996
17998
18002
18003
18012
18012
18017
18022
18023
18024
18027
18030
18034
18035
18036
18037
18040
18050
18051
18060
18065
18065
18066
18069
18075
18077
18079
18081
18082
18084
18084
18087
18090
18091
18093
18093
18095
18100
18104
18125
18129
18131
18140
18140
18140
18145
18145
18153
18156
18157
18158
18158
18168
18171
18175
18181
18182
18185
18190
18193
18196
18200
18210
18217
18219
18225
18226
18235
18241
18250
18253
18262
18271
18276
18284
18293
18296
18297
18299
18305
18307
18317
18320
18324
18333
18343
18349
18354
18356
18362
18370
18372
18374
18376
18386
18388
18390
18394
18402
18407
18414
18418
18418
18420
18429
18431
18440
18440
18442
18443
18445
18449
18452
18456
18459
18465
18466
18472
18473
18479
18492
18494
18494
18498
18510
18521
18523
18525
18528
18532
18538
18544
18546
18547
18553
18561
18569
18573
18577
18579
18580
18581
18583
18589
18590
18594
18596
18597
18606
18608
18608
18618
18625
18629
18631
18633
18636
18639
18654
18655
18657
18657
18658
18660
18664
18665
18665
18669
18672
18676
18682
18682
18684
18687
18689
18692
18692
18694
18695
18695
18700
18709
18710
18712
18719
18727
18750
18769
18775
18780
18780
18781
18784
18787
18789
18789
18796
18812
18831
18833
18838
18840
18844
18844
18849
18850
18851
18856
18856
18857
18865
18869
18877
18889
18889
18891
18904
18904
18908
18911
18916
18917
18921
18924
18931
18937
18941
18944
18950
18953
18953
18959
18961
18964
18964
18965
18968
18969
18971
18974
18975
18976
18977
18979
18980
18980
18981
18983
18988
18988
18991
18997
18999
18999
19007
19010
19010
19011
19018
19023
19035
19038
19039
19043
19045
19049
19056
19057
19065
19071
19074
19079
19089
19091
19094
19107
19110
19116
19119
19120
19121
19123
19126
19127
19134
19143
19146
19149
19150
19151
19152
19155
19161
19164
19164
19166
19173
19174
19180
19180
19182
19184
19184
19204
19208
19210
19220
19221
19224
19224
19228
19230
19231
19237
19247
19257
19260
19262
19263
19264
19265
19269
19273
19278
19278
19279
19284
19286
19286
19289
19291
19291
19293
19296
19300
19303
19304
19304
19308
19309
19314
19314
19318
19327
19329
19331
19339
19344
19349
19364
19365
19366
19368
19369
19374
19376
19381
19391
19395
19396
19402
19409
19412
19416
19425
19439
19445
19445
19447
19451
19451
19454
19458
19460
19467
19472
19472
19476
19486
19488
19490
19492
19492
19494
19497
19506
19506
19508
19516
19520
19524
19529
19533
19534
19536
19542
19544
19545
19546
19555
19557
19558
19559
19568
19575
19579
19584
19586
19588
19590
19598
19602
19609
19610
19615
19620
19629
19629
19632
19640
19644
19645
19649
19655
19656
19659
19667
19679
19684
19687
19689
19700
19705
19710
19714
19714
19721
19721
19730
19731
19751
19763
19763
19775
19791
19794
19794
19795
19797
19802
19803
19803
19812
19814
19815
19818
19833
19837
19841
19844
19846
19862
19871
19881
19887
19898
19901
19903
19903
19926
19931
19940
19943
19949
19953
19953
19960
19962
19967
19980
19988
19990
19999
20002
20016
20024
20024
20025
20026
20027
20044
20050
20056
20056
20059
20061
20065
20068
20073
20081
20092
20098
20101
20105
20106
20109
20109
20123
20124
20130
20131
20136
20140
20158
20158
20159
20160
20163
20165
20165
20170
20170
20176
20187
20189
20190
20191
20193
20200
20201
20217
20217
20218
20220
20222
20223
20223
20226
20237
20243
20244
20249
20256
20271
20275
20280
20281
20281
20285
20286
20288
20291
20293
20301
20303
20304
20325
20326
20335
20340
20341
20347
20348
20355
20358
20370
20370
20401
20407
20410
20410
20414
20418
20424
20438
20452
20463
20467
20492
20494
20496
20511
20513
20530
20531
20534
20543
20545
20552
20553
20559
20563
20588
20596
20596
20598
20599
20604
20613
20616
20618
20625
20630
20631
20632
20637
20644
20673
20681
20683
20690
20699
20703
20714
20715
20724
20729
20729
20736
20737
20743
20747
20753
20755
20759
20765
20766
20766
20774
20780
20781
20785
20801
20814
20817
20818
20828
20837
20844
20851
20860
20880
20885
20897
20900
20919
20924
20934
20942
20942
20951
20959
20966
20968
20984
20987
21005
21006
21013
21016
21018
21028
21030
21037
21046
21050
21052
21054
21060
21064
21075
21085
21096
21115
21121
21127
21129
21136
21141
21152
21152
21157
21161
21169
21170
21179
21200
21201
21205
21210
21220
21229
21230
21230
21233
21235
21238
21241
21248
21256
21267
21275
21285
21301
21301
21303
21306
21307
21313
21325
21341
21358
21378
21379
21382
21405
21418
21421
21422
21425
21449
21471
21475
21488
21503
21530
21540
21551
21557
21558
21571
21594
21609
21611
21612
21617
21624
21629
21632
21644
21646
21650
21655
21656
21657
21657
21659
21661
21665
21667
21675
21678
21707
21707
21710
21725
21727
21740
21755
21759
21772
21773
21774
21795
21804
21813
21816
21819
21820
21825
21842
21848
21859
21863
21864
21889
21894
21932
21966
21969
21978
21986
21996
21997
22003
22018
22025
22050
22061
22061
22082
22083
22100
22120
22130
22133
22138
22163
22174
22174
22178
22182
22198
22198
22204
22209
22217
22218
22224
22234
22246
22268
22271
22287
22291
22291
22293
22294
22305
22305
22324
22326
22355
22395
22395
22396
22402
22426
22436
22438
22445
22459
22461
22464
22468
22485
22486
22496
22497
22506
22528
22530
22545
22560
22568
22573
22601
22629
22635
22645
22651
22654
22657
22684
22689
22712
22722
22729
22773
22796
22834
22848
22854
22855
22856
22898
22910
22915
22918
22977
23018
23021
23030
23031
23061
23061
23066
23113
23121
23122
23132
23133
23134
23134
23136
23136
23145
23160
23162
23167
23168
23175
23176
23194
23211
23212
23215
23222
23302
23315
23334
23352
23369
23404
23415
23429
23430
23460
23464
23468
23469
23474
23477
23507
23533
23540
23548
23562
23573
23583
23588
23602
23612
23638
23658
23672
23720
23746
23760
23809
23810
23818
23820
23829
23830
23843
23852
23877
23878
23891
23911
23912
23912
23931
23935
23941
23971
23981
23992
24001
24040
24066
24129
24162
24166
24258
24260
24262
24271
24278
24321
24370
24373
24374
24376
24376
24391
24424
24427
24429
24447
24455
24528
24541
24579
24598
24626
24628
24633
24647
24687
24724
24736
24752
24768
24796
24804
24808
24811
24819
24831
24864
24872
24896
24908
24912
24914
24936
24941
24961
24991
25003
25003
25006
25047
25082
25101
25174
25196
25254
25289
25309
25362
25374
25387
25441
25458
25472
25504
25511
25536
25536
25586
25605
25638
25643
25677
25699
25712
25728
25740
25745
25772
25787
25790
25792
25802
25813
25870
25892
25917
25946
25954
25963
25966
25980
26075
26082
26098
26145
26162
26232
26233
26235
26278
26317
26322
26345
26391
26402
26454
26474
26494
26545
26567
26605
26632
26636
26665
26693
26696
26844
26850
26870
26901
26967
27003
27035
27058
27081
27166
27198
27221
27265
27281
27436
27457
27526
27569
27675
27696
27844
27924
27952
28059
28060
28084
28149
28150
28297
28354
28715
28788
28844
28856
28952
29166
29176
29260
29301
29346
29415
29609
29629
29633
30120
30125
30136
30366
30459
30467
30486
30501
30557
30705
30920
30948
31013
31649
31685
31738
31964
32119
32376
32553
32573
32925
33225
33421
33648
33863
34090
34859
34898
35985
36277
39285
39776
