1011
1216
902
866
613
533
791
645
789
956
726
865
713
897
516
914
896
937
808
1631
936
824
814
1020
686
856
969
951
898
920
705
932
926
677
1018
668
1104
901
556
623
720
995
621
803
983
923
984
656
934
1152
976
1027
983
872
545
947
870
601
844
984
1007
685
979
551
950
929
604
808
1003
956
912
921
958
724
648
864
1788
821
928
964
834
689
919
601
730
948
977
898
964
923
913
936
986
757
866
704
903
539
1011
606
675
1793
918
716
837
718
566
807
862
879
669
1245
759
788
803
845
927
940
867
993
885
1011
903
690
599
948
918
669
949
840
3568
676
981
1009
532
792
942
553
937
971
634
795
844
677
928
502
875
995
1653
682
788
643
758
626
537
914
820
582
996
937
863
971
688
1002
1011
952
976
961
1280
757
842
830
1395
989
1373
1319
838
576
574
796
958
950
998
902
957
1017
685
800
875
523
887
919
979
865
933
939
812
831
751
973
515
620
637
674
958
727
890
569
550
932
559
784
826
932
800
1001
931
929
1001
1708
923
931
973
817
969
742
624
924
918
857
975
964
779
1004
685
979
966
899
1060
827
605
1098
679
854
