5975
1448
14258
26713
13200
5314
22167
4834
13036
9695
19957
13994
2571
2556
2591
2435
2568
13511
2008
1996
1980
3142
12782
6280
20727
20753
19189
3294
10811
14432
6952
2684
6137
24264
4905
4256
4953
17863
18302
2186
2634
0
19057
0
8012
6978
0
1775
2862
4118
13544
2497
7452
1011
13061
7368
13484
10589
8764
15815
7688
0
1783
6389
0
18729
1411
1252
1350
1394
1348
1216
1406
0
9992
1593
8428
0
2407
10847
17654
0
902
13250
8439
18473
19072
4523
0
0
9898
10787
1296
1715
1866
1891
12345
2522
4511
17957
6858
20042
5245
1324
2311
12316
3447
0
16076
2820
2875
16281
10015
8046
3451
2443
866
7438
10486
10260
4815
18920
8182
14530
14666
31053
0
8974
12926
16362
20990
8706
2717
3411
15092
1246
2735
2954
3901
3343
3198
0
14681
613
16696
17078
2784
7658
9335
2062
4483
14797
1876
22667
5509
533
16382
21770
0
7435
13963
2931
791
2878
8574
14378
7213
3213
12676
11532
645
9757
0
11718
10713
8848
15273
2989
4209
4748
0
0
462
3470
2511
0
18640
18592
1922
19218
1998
7440
3757
2116
789
3793
5032
3787
11275
19183
1568
0
13559
0
7891
6234
7121
0
12842
0
20909
20960
8287
10799
6292
4468
7601
9319
956
5971
8088
5841
3497
2133
11150
6452
0
9503
1548
20186
11919
0
7393
9270
1192
10479
10423
0
9630
13771
14208
0
9247
6026
6242
4386
5561
7502
8573
2258
1933
1871
8618
15140
16227
1585
26893
13434
7725
14810
726
3225
6247
20341
3036
1695
1706
16987
1644
2660
8683
10962
4733
25551
1721
1895
3842
3338
10782
11071
3068
7728
3778
9062
9994
7611
0
28849
17435
3113
10337
22714
0
1767
1758
3819
18242
2673
1324
20237
22549
7383
3139
1934
4492
0
22047
3082
3076
18739
19115
2150
8128
7874
13258
1257
6022
4867
6293
4647
4624
3677
6801
2356
2358
865
1999
5187
5258
5142
5195
10088
12043
10054
1456
2144
8674
12846
8899
15622
2756
2778
11785
8640
10391
6697
4836
7546
11739
11431
0
5005
2452
3841
2884
1370
7453
3891
4874
12718
4820
12688
7164
1080
3763
4316
9743
2371
0
3498
0
1035
0
0
8832
4813
21786
10770
9991
20881
2139
1238
6097
9049
13833
6129
1036
6662
27303
2073
3561
4008
4761
16575
0
23952
713
4560
2204
2082
2164
0
1436
13763
6113
16446
2702
4004
0
2712
3900
3888
4951
16913
5480
13090
30188
2182
8275
2625
1575
2103
11763
5041
5867
13411
7936
6717
8640
39290
1611
18698
3370
3022
5968
1807
24290
6191
2896
6070
21061
0
25999
26345
15157
13540
2893
34754
3649
3649
897
516
0
2808
2733
2642
2632
2583
2570
2580
6207
15648
7879
0
9098
15012
0
8193
11333
2251
3417
20254
22527
2469
10857
7210
4676
7757
3042
13304
14128
11100
5372
4895
12025
3725
11121
4708
7816
14845
11662
3835
17961
12584
21897
1149
2962
14716
11316
0
2612
0
0
1605
1618
1622
1605
1900
2537
9460
17206
18120
6735
6687
0
13983
0
16981
25892
15720
14711
6636
6804
0
11835
0
6556
8381
7800
1932
1820
6021
6040
5995
2703
5066
8347
10734
0
3038
914
1967
19449
19499
8071
18708
0
15698
11118
23154
14690
0
3247
1897
6352
0
2317
0
10528
18999
5076
8368
2618
0
4356
4357
6261
6976
896
4403
0
12906
7474
4019
8029
0
3545
1010
1992
2025
1831
9980
1996
4809
4787
1803
10057
3787
6505
14097
7270
0
2576
2791
12278
4738
0
15493
18541
3343
2980
6998
7273
1992
0
1318
5181
11060
1538
3976
13083
12155
21954
17924
4564
17273
6278
12079
18895
19342
12606
2804
3143
2943
0
7424
4459
3756
10794
21114
3703
24202
3331
19775
0
14873
3856
1947
5011
4148
2146
11033
16086
7859
1992
12171
9868
5826
7136
7108
15070
5041
16548
14659
0
6118
11038
12335
1420
1101
5876
5483
5376
12902
11859
2544
14811
5998
0
7251
14468
0
0
9020
4907
6610
21764
2098
8855
4462
17918
15740
14090
0
1481
1465
937
10525
4734
4723
2463
11084
6525
6368
1113
18177
20603
3324
20325
16357
4675
2812
16888
7798
24093
0
6971
17176
2207
3664
3228
0
2737
808
3621
17996
3198
2995
7721
1631
5729
4936
5501
4027
0
14117
3576
11699
12135
7325
18702
7784
1356
3344
7940
2193
14577
2059
2884
0
3945
3337
6018
1609
1612
1296
11715
10778
4697
21545
2396
4153
0
12576
17960
19321
13756
24997
0
8212
9075
936
3127
5330
17948
0
3351
10586
5590
13565
13801
10953
17234
23532
2274
2566
11484
2117
2405
0
10596
2200
11658
20079
13009
15452
18705
11965
6126
15869
8625
11739
9614
1208
11254
8459
0
1596
7043
15346
3421
19027
24933
1471
1802
2583
0
12377
7082
0
10138
19934
0
9184
32010
6584
2660
17299
14782
3149
4576
4455
20098
15045
8389
10921
1808
10465
3574
2236
11404
6488
11975
5044
24690
10275
1296
1263
1253
1272
1169
1278
1269
1244
0
3081
0
1167
0
14322
7582
1932
9962
3675
3908
15206
6775
22203
10466
10620
2898
2160
13241
14331
9085
3616
14116
15672
2111
3964
4998
18622
8507
2097
0
1393
3951
1846
23241
0
9577
824
814
11652
4738
18051
10783
4783
12395
6170
16959
18973
5888
16894
7722
4620
14669
5132
2471
4973
8085
2402
0
11951
16185
16651
2052
9914
19769
15413
10444
2813
17639
1051
12985
2329
14684
7415
19131
0
19272
2480
3648
3634
3450
3207
1205
1149
1222
1080
1200
1212
1207
1214
1217
1218
1202
7887
3507
24390
24449
20194
21960
6368
11325
10197
7596
2057
16072
0
6831
10550
24016
0
0
10842
6543
1841
11358
11162
3684
9136
1919
12582
1866
20110
25023
10130
10525
5647
15029
11269
0
0
1294
0
15597
22706
6237
7926
0
20350
3530
13669
0
7834
13697
20792
3320
3378
3595
7076
13750
0
9871
5525
2536
16306
3776
4819
4849
4899
5503
9619
3102
1020
15171
6514
7766
3667
4488
4239
2780
1624
1510
0
0
2139
3016
2988
0
0
16255
14856
15644
13224
10332
12155
0
3292
1936
4152
17712
1102
0
18188
0
15179
14634
686
1783
1762
1764
0
856
1628
1596
1622
0
1621
3460
0
4055
3766
9121
15752
7074
6953
0
9673
12845
19233
10332
7042
15078
13360
8265
0
12273
5289
7178
0
1755
16403
11598
5755
1938
8743
21569
10778
5470
8060
6187
9973
18902
10496
0
4958
7705
3386
2156
14676
13308
3106
5666
0
2005
1997
2057
2046
9073
14629
2665
2725
20158
23151
3739
0
8820
5183
3450
0
1840
0
3779
10514
18458
21086
5109
20185
1921
9363
1762
1806
1770
1765
13181
2572
12940
6376
7141
16216
0
15867
8147
3491
6931
1649
2819
4915
2479
3467
2563
2059
10418
3633
5514
1451
1339
1593
24952
8708
2968
2831
14869
3592
17146
11549
19455
1064
7691
2399
2260
11484
8287
12972
969
9068
2166
4263
8686
8591
19664
16232
18982
12159
4409
4538
2441
8532
0
7234
2399
17469
13765
9276
3759
8798
30580
3396
3881
6991
11042
18263
13140
16430
1768
13302
7947
6964
1268
12929
951
19170
7180
1937
7726
22217
4159
898
9181
8046
8466
9922
10463
22138
3294
2569
4080
11487
4129
12566
0
4399
4580
4573
3364
7109
10325
13953
1771
8159
1187
0
0
7016
7142
24389
8006
10268
0
12734
20591
0
6206
920
21088
15515
8746
15037
8920
2901
2896
1952
0
4304
4841
15885
1487
6112
5159
7129
16261
16773
6279
4166
10481
2551
14337
18945
4423
8863
4162
9939
3957
13953
15949
705
5825
12641
0
4710
7307
0
15287
5710
7999
8367
0
3868
16827
9586
15376
7561
7752
13498
0
1231
1237
0
1236
1249
1252
13609
0
2556
2503
2713
22874
0
932
5958
0
25621
11905
15985
1747
5199
1340
1697
1773
13501
27705
23914
0
0
20130
19491
2779
5002
3346
1505
1828
17515
34921
17083
13697
8716
3396
19281
9794
0
11850
17037
1811
0
6162
11205
3925
7989
6757
20240
10956
4952
3111
8677
3402
13986
3420
8858
10968
5285
8400
15342
0
27998
0
3148
13484
5286
3112
1616
1669
11298
20154
5423
15633
18279
18363
17688
23611
11860
18210
1452
20034
10319
1752
13355
15217
19980
5406
5085
5078
17196
8733
9292
2092
0
0
9799
0
8231
7724
3623
3190
12454
5850
7617
6333
17463
3870
11155
4476
12976
6034
9361
3987
926
0
0
8015
10589
11483
16896
0
13769
1520
3533
5578
16388
5105
32279
7209
3372
19888
12602
5266
17430
0
16438
4217
15415
9898
9090
13076
2868
6178
0
7365
0
677
0
0
7962
7421
8350
8420
6542
2761
0
17017
10522
11876
4364
14340
13305
2322
4707
0
0
0
12310
5724
4463
11908
8164
0
20859
14143
14661
5174
11456
3676
6283
8323
12663
23061
4539
5960
6380
20050
11547
10978
12268
7645
4929
25806
4549
19103
9247
11853
19076
12260
16104
0
19231
0
13969
4736
13926
1018
4240
0
2193
2206
2115
0
3687
1522
6791
12877
1875
3751
7839
0
26364
16828
10035
17423
4507
12562
18425
2935
14863
3084
3377
3388
3365
8193
19907
11003
14045
6297
1985
12284
6677
0
5931
12400
7753
21736
7672
3666
17603
14585
2500
8134
0
17191
15056
20960
0
11322
7460
21222
19462
10635
0
1204
20248
2162
0
12937
8508
1392
1455
1397
1458
1467
11701
1385
8824
668
4740
8773
25729
2979
12338
11243
4651
7668
5606
8884
27273
2297
13305
14992
5735
6332
6265
0
10317
0
4175
1130
9169
16499
0
10914
5534
1604
1561
1503
0
24942
19402
2330
21717
6669
0
5188
16049
16412
15548
1779
6498
11743
2771
4382
4187
4659
22514
7366
4590
18273
1155
10202
13108
4421
0
3407
6202
23203
7953
10017
2917
3020
2952
1104
5383
0
0
9829
7302
16404
11797
3729
9602
4228
3401
6002
11980
5269
783
19584
0
16554
901
0
12261
4902
4659
12755
4101
4340
11299
1836
4459
2231
0
5526
7896
18967
8450
1823
9605
2331
7844
6141
9115
16979
9760
9392
3156
0
18839
556
4781
2416
2024
5643
623
0
0
2543
18881
0
13095
18724
13099
5996
17536
9352
13455
10355
0
9170
720
6717
0
8782
5977
11572
19401
10052
2642
3328
3650
0
10223
11255
17570
3060
17777
3806
8338
6663
0
3789
8076
13153
10307
13931
0
11859
13754
7197
12320
0
10125
4704
5912
6666
3626
11428
5917
5967
3839
8389
7412
0
19984
5463
8176
3094
1173
0
21014
13014
10315
19662
19463
0
0
14604
0
2271
2217
12884
1237
1241
1215
19293
0
15094
0
3539
8964
13767
0
8832
9939
9355
10311
3100
8336
0
2288
18072
14534
995
0
9628
7682
18165
1067
17212
5935
10232
1576
1606
1567
25970
3764
621
0
8897
0
9508
9882
13968
24456
2582
2570
2587
2611
17653
4109
0
6700
1640
26341
16320
7784
7863
2731
1570
18024
10295
6992
7207
2034
2030
5183
10542
25048
1979
1777
1820
1799
1822
0
803
1790
0
0
7929
14016
6304
0
15856
0
2699
5626
9386
9338
7487
1532
18630
3280
3262
4095
7555
14900
10493
14152
11857
1227
4581
8260
3450
24318
3087
1917
8913
11744
7470
2798
5816
14915
20618
0
2267
1362
2002
14854
3558
5540
18321
18772
8008
16948
3467
0
10454
0
0
983
0
0
3886
1479
12736
5546
8648
4501
19579
5404
0
3958
29314
4517
8015
8888
14791
4376
4322
1503
12625
21377
0
3837
0
16959
20063
13879
4988
14056
0
6593
10760
5824
4938
7784
15876
3738
7178
23865
1883
3300
3782
9492
3510
1191
1304
9917
1994
2041
7344
7305
1126
16151
1901
1849
923
17542
8339
7942
4466
3538
4874
9511
3743
8912
2050
11030
14143
2550
0
0
31022
9581
3823
2729
0
0
15997
1663
0
13617
6200
8853
3046
2192
9614
7578
0
1683
1743
1682
1090
16692
1915
4560
1285
0
6599
3704
13596
12324
4326
18451
5570
10076
10208
17757
5746
9382
12407
17391
0
17910
17082
20340
2054
23437
2594
8704
984
7129
10305
7146
6516
11994
5565
3564
1821
10271
1074
13643
0
0
2093
4109
6765
1240
0
0
0
0
8833
0
6917
14998
10031
5164
21960
4451
13197
9816
0
7054
14246
0
19588
0
7861
11973
14789
3005
9545
2338
15739
2252
5062
8981
9580
13891
4584
0
0
0
3455
2992
7281
5596
17286
10265
16945
0
6009
5201
4313
1926
1291
1866
1985
1992
1990
3640
11912
3810
1298
2040
0
6918
15511
6316
12586
5270
30596
13749
5119
6457
7852
3044
10852
8404
14772
6299
2200
288
2705
2696
2702
2691
2574
0
13723
17675
0
9220
9918
11037
2431
2359
0
2024
26332
3498
4018
8752
4227
7347
8560
16367
1538
19570
656
14987
8845
0
15356
13123
4007
10915
1105
1851
13961
934
20194
1133
5760
13167
15267
14058
7375
3027
5739
4905
15729
5159
4656
16621
16665
4017
1551
2230
8938
6709
6229
6956
1061
18799
0
7612
2935
3480
3229
18884
10546
4039
1592
1599
13133
5971
19049
7324
15237
2031
1152
1114
1104
1112
976
1027
983
1562
5792
872
367
17352
7647
2420
5819
1748
0
10070
545
19598
3977
3977
9497
8050
394
21159
1678
8710
14786
7337
1567
9297
7912
5386
6476
5152
4734
5624
2056
2074
2067
20179
9209
7269
2173
0
0
7582
16645
16048
22014
3410
11126
15473
8509
6391
11747
7168
14803
25989
17220
6063
13182
0
12605
14391
4266
2258
3627
1741
9742
8120
4332
0
3326
3380
2483
7773
12577
16052
21354
3236
10597
13751
1625
8197
5106
19872
17933
4111
11571
8587
3864
7438
16680
8497
0
0
6755
5592
13319
3839
7329
8402
14141
23257
2153
15810
18028
0
0
6693
6286
4999
18084
1507
4358
3494
8478
10681
4532
3496
0
15300
7631
14654
13481
13699
23878
0
18443
1752
2545
947
1248
43
12780
1417
16230
3937
17989
21744
12368
10009
9130
0
9697
4049
1915
15246
0
1834
1843
1852
14038
16136
10060
12024
2600
0
3917
16943
5690
13679
0
3232
0
0
7653
0
1027
1946
0
2841
19290
21809
0
10576
870
8473
1897
1695
6058
13627
1870
5240
0
24981
6495
16783
5742
0
13228
0
20371
15092
17256
3860
26494
15855
2770
7155
14518
0
0
10988
1362
11530
1540
3367
14850
7194
2619
9356
7985
2395
2219
11030
7314
1489
19737
11846
11639
2018
3153
3383
15705
24457
1969
13096
601
0
4294
18563
3257
9556
844
15581
5636
10994
5572
19696
5550
15736
19723
17689
10742
0
7126
0
13459
2799
3891
5321
5616
3250
11371
4474
15176
10654
2083
0
6595
20633
4979
1492
5160
6899
6794
2725
7899
5959
23575
9027
3385
1890
4760
2078
2057
2040
2091
12273
17188
15868
4660
13417
3651
9782
8994
9042
11525
0
984
0
23147
8567
11562
3825
3749
1007
1551
3395
3077
5382
9964
2672
3047
7148
14565
8050
8825
2655
4246
8722
5243
19558
14596
0
2966
11495
2629
0
11318
9661
3396
3718
3702
3720
7972
2409
2426
2412
2399
1322
17597
3747
9458
23594
10260
5934
15135
17006
9572
685
1918
2565
2310
9353
10479
2071
0
24715
6526
0
5038
18246
7574
4913
13592
2011
13120
9910
14717
3570
0
2204
19153
5766
4959
13228
7558
20181
14917
4409
8147
5312
7913
0
5985
16670
0
0
0
0
0
1706
4814
7473
2750
7307
0
5570
9975
13855
1354
1347
1347
1335
1297
8742
14903
0
5576
10084
3552
12407
14068
2863
9539
8539
17146
0
9774
2732
15598
4175
21635
9306
3070
2043
2020
1245
1663
18991
5881
5719
21896
979
8735
3443
1193
1222
1221
1216
1174
6704
10198
4857
9952
14551
13696
7099
7146
10675
7518
7146
1917
7906
8305
17494
36691
7615
4079
14459
8529
0
13781
18183
7160
8046
1984
2293
2314
1933
7953
9932
1375
16051
5464
0
1026
10049
5179
10855
1844
1772
1905
7851
4690
16281
1705
3117
17622
6171
3159
11155
19060
20959
2019
17719
15977
6375
8907
2387
17483
9545
19025
3125
0
15926
1699
14994
4170
4294
17332
2062
3063
0
5512
9880
16539
11552
20807
13413
0
13222
8947
4311
11578
13459
2629
0
12627
15475
5580
15815
6752
0
20186
8627
2793
2834
11262
6012
7011
3761
3748
0
7261
4428
1512
1772
1760
1780
3075
8156
12885
22614
2666
11623
10814
10312
5883
13711
0
0
0
10867
10033
5295
5384
9947
3922
3916
3873
7393
24643
3075
2506
16256
10484
4645
0
9439
1622
19083
30922
19707
2543
21129
10436
6577
6918
9366
4479
7951
7510
28756
15445
1726
9870
2210
10029
3348
0
1968
5773
1655
13347
14656
7426
0
17543
0
16590
8651
0
3041
1287
1428
1425
1436
1439
12776
1536
12444
13627
7968
11680
12804
9459
3654
8229
16897
7841
4431
7796
1651
6114
14148
26874
12995
23061
3787
12329
2793
13925
6508
9827
0
15655
0
17535
8828
11138
3677
551
18133
12451
18882
0
8121
3547
13905
3404
7230
24752
7699
0
13112
10392
5572
0
10026
24276
16656
8416
7732
10175
0
0
1489
4931
4927
3964
3151
3653
7650
1851
1860
1839
3424
6394
5516
14897
19629
3153
23707
17421
16629
5076
14592
15985
28856
1530
2126
9219
17771
2168
19595
2040
5447
12719
12978
11979
11898
3758
1317
10941
0
3615
2531
5450
13317
2900
7663
1154
17408
11679
2873
10476
16757
7488
7147
0
0
8967
0
10110
7841
21936
14616
10987
10999
15364
12417
3127
2923
3084
1870
19453
5563
13973
8881
19236
6726
16630
21668
11675
1841
3910
7518
2100
1786
4612
19602
13212
10813
7883
16568
1851
2170
7431
6750
7613
5733
0
3627
1971
3299
0
9482
7517
0
2901
1373
20178
23162
6202
5111
7711
2015
1991
0
22690
20190
17714
3283
3971
1942
18808
9571
7806
10863
9535
10436
10611
2139
18874
5240
19808
13395
21274
11112
12892
5598
9178
11285
9587
20168
4638
8552
1080
15840
0
3909
8945
13587
12091
15308
6930
9509
14665
9585
3209
0
4395
0
7555
18072
5821
4161
0
13579
11677
2067
5778
7838
10914
20757
13911
2787
14119
23416
7614
3074
3111
14906
17739
3556
6935
10685
15962
11119
11905
5242
7850
11331
0
18385
6174
17881
6201
3004
8432
3663
0
2933
1329
6875
2021
14673
13433
950
19953
4461
2325
3873
3121
20286
0
16657
18334
2633
0
3199
17515
5247
11876
3506
0
6136
18680
4656
1886
20060
21800
4389
13487
2861
6236
7747
5744
1900
6006
3329
9325
929
16703
21833
5921
17717
11013
16561
5866
10389
18165
4892
3397
2234
5828
19039
1069
11702
0
12656
14130
11537
20541
2477
12999
7452
3810
4612
19721
0
27108
11668
4976
11949
19962
10760
2639
17009
22307
18090
2898
2894
2954
14223
10066
10549
16157
8454
604
5350
1460
11526
2876
2864
2243
20065
6550
11983
4144
8994
2877
0
9386
6239
6401
5108
7601
1915
11622
0
0
15081
9281
12125
22236
16679
10242
2844
1367
15787
13901
2773
1310
6883
12693
8992
6933
0
6173
9304
12495
9804
6934
9427
4030
4017
8378
0
18108
18561
8299
3229
9646
9178
7330
9311
0
1383
1363
1371
1393
1387
1337
13386
8707
4784
15792
2316
24539
14617
3192
6847
19652
6886
13025
4263
7895
1200
0
12309
11254
12198
2572
1651
14962
13287
5303
4478
19289
6375
0
18021
1885
2631
19909
7728
8243
9121
16418
11265
9373
13436
12103
9066
5152
1991
1989
1988
2195
6437
6316
2205
0
15530
12036
1986
5878
0
1043
9986
0
6756
1413
5666
8318
2575
4247
0
2462
2469
2449
2455
2453
3360
2782
0
10716
2969
21559
11140
0
4478
8275
6483
6875
19295
1055
2073
8364
11697
5395
0
10155
0
2968
3245
3242
3226
3200
9548
9383
5471
0
2997
5753
10126
19825
11687
2836
0
808
3735
0
4439
5344
2555
10502
14364
9749
22309
3280
3586
16981
0
1003
15315
22331
7103
4198
1420
5670
9384
6100
2825
6136
0
1882
4702
0
1552
16650
15073
2342
12556
0
21070
9968
8370
18694
5128
1289
9373
19400
7861
2872
5022
14194
9975
10691
0
18964
8914
11839
7323
12310
4743
15344
0
12473
9312
16048
15100
4734
7268
0
16524
0
15057
5564
11488
9684
14611
10542
0
0
7682
3521
25589
10292
5402
6093
956
9727
912
0
4901
4782
5122
6542
15785
20881
2313
1890
1923
1920
0
0
833
10253
0
9575
10009
331
6149
0
6846
1062
5298
6009
1931
5971
11545
15795
9442
3476
19260
19243
8680
21244
1193
15078
3223
16365
8883
16890
7284
3884
14549
1803
5383
15581
6533
21171
1633
0
8994
6878
3018
0
921
6088
13373
2638
9163
11375
3884
3140
0
3435
4245
16247
12557
3682
3705
3699
13068
10386
4087
10928
4777
2736
0
4783
6368
14573
1080
2552
0
11831
2039
9731
0
0
0
0
0
13737
18201
0
19476
12041
11293
1767
2208
2204
13078
6214
7478
7105
4536
2148
0
562
3381
11223
2709
12959
19036
12730
5991
5166
18043
0
1694
2232
7979
10883
0
958
6488
6774
5430
0
17679
83
5131
0
9322
16776
6712
1232
17825
11373
17525
0
2432
9312
4121
11016
724
0
5241
1665
0
10166
3135
11777
2445
16650
0
20478
5397
16386
14516
21385
12291
3505
4582
3569
1646
2578
1968
3162
4247
21116
2212
19599
6701
3994
20779
8718
6288
19851
12697
6773
10289
8395
3064
0
5981
14467
13312
4294
1091
27280
14607
5613
6482
3449
5075
5594
6926
0
3086
8985
0
1942
8623
16754
3790
3212
11345
23727
4002
11725
15087
6834
20122
1410
1643
14622
5203
18285
11488
16003
10662
1668
4793
10047
1864
7636
2693
2663
2587
19309
1185
8443
2255
2644
2647
2629
11913
2962
0
7207
11813
7725
9753
8501
14268
22175
13551
7144
0
1631
1563
1609
0
15906
3308
5041
0
648
10864
1519
10911
10847
1102
10545
5963
10793
7470
25546
7457
2190
9989
3199
19211
9496
8297
10870
10460
7834
14045
4198
2747
2739
2706
11452
8101
7995
13619
7276
27845
14507
4444
0
16722
0
0
0
9639
3006
11962
6415
1366
5317
9254
6873
14285
2017
1079
22416
10595
9688
12499
15428
0
6636
0
2868
7214
20203
2020
26716
4295
5522
2017
3159
9662
7649
12126
11040
864
0
5417
6642
5731
12228
1860
1833
5133
11078
15188
23886
4292
17563
1788
14051
10340
15240
10481
9757
9299
1748
7226
16101
10231
0
21383
11415
10510
6928
12150
12544
4798
6432
0
1185
18436
0
10352
19152
21268
14976
0
3766
2189
3595
15159
4087
0
12502
0
2416
0
7350
10879
11145
4597
0
11620
1569
3229
15813
2716
18935
16044
19118
5620
2375
2402
2180
15339
9953
2926
0
386
6545
0
821
6906
0
15932
0
3012
3205
928
8080
964
22243
0
1254
6762
17259
0
2799
14862
11112
9658
13892
2633
9885
8278
7250
2203
2337
2336
6257
19486
4439
2812
15146
11714
9875
9715
6506
16361
16501
6049
9536
10812
0
0
9167
1453
3763
13087
223
13054
0
18125
2615
7705
3697
24911
8057
11813
2049
2020
2058
3813
9198
3085
7842
1203
1238
1252
1270
834
9447
2349
7593
17452
0
12277
12292
1193
4732
10769
1374
4323
10628
4721
15083
4063
3059
1219
1444
0
689
11458
4314
8855
19329
3891
13634
1548
3624
7197
9271
19501
13019
3580
17988
0
0
3971
19219
19199
1268
13379
4994
2876
2690
4936
2039
2426
1119
15314
5001
0
3895
13338
13922
19292
1916
15812
2227
1916
16869
0
0
11865
13721
9059
1267
2668
8523
7354
15964
12753
16774
7133
1492
2680
26235
3303
3620
3516
1495
4665
11214
12660
16541
17237
10931
17690
11891
21032
2491
10408
11113
12036
12526
16153
4812
1527
8274
6805
21133
16998
10037
1322
4351
17411
0
6515
0
11419
4419
2250
14673
4503
11141
21796
19901
7696
20764
3708
2357
2349
5282
9865
11108
0
6417
0
15963
2956
12012
3188
20133
6473
3644
4481
18719
0
0
3213
3218
2029
20578
0
10803
17127
1425
2531
22263
22420
11830
11803
1490
1406
1518
1505
1484
1469
1511
2579
13357
0
9328
10488
2489
0
24822
6904
13129
7233
16406
12811
13509
4114
3927
5748
10588
8223
22200
15844
12118
80
7015
14842
0
6742
1351
36026
0
1071
0
556
0
0
4283
3370
3494
2432
8996
1359
8347
11471
3035
2912
3013
2343
4745
0
15354
7612
6477
7225
3734
4280
11534
0
1562
19097
3332
2051
2025
15301
19281
22479
17181
10271
7909
0
9996
14721
9665
0
6629
3971
10652
2428
20666
0
6158
12828
6930
0
10716
2935
7720
18735
3885
13261
9802
1697
7973
3978
13933
2133
20143
29652
14945
12903
4425
6333
0
1603
18273
14327
12465
8929
4658
4009
8733
6245
3397
0
6466
4037
12776
12266
0
20852
0
17403
7085
8686
3650
0
5207
4447
4915
1861
0
12136
5687
12413
15678
3717
10628
3927
10326
7692
5852
9716
14426
15292
0
7631
13793
0
13066
5654
5478
5409
15027
2781
5047
5034
7022
14077
2625
16037
3188
7767
9523
11844
6431
3733
3822
6002
6970
7573
7825
18441
15686
12849
0
6741
10748
15659
10849
18745
11960
3073
2535
2493
0
1128
5411
7061
0
2706
0
1714
1696
1707
1717
1691
27048
9716
16535
8313
8486
4386
23163
0
2677
3344
8582
5429
1196
0
2336
1140
15393
15675
2426
2459
2411
919
1080
1133
16849
4105
0
0
1095
6999
4807
17292
0
13495
11583
2642
0
0
2519
2546
2423
0
0
2387
2301
2140
2484
2462
4700
9374
3591
15146
23643
7781
8942
4852
8008
15301
1555
3407
6269
0
7013
6318
0
1358
1947
1007
2200
12664
6378
12300
21425
10194
19575
2790
5548
21863
6845
11076
2357
2462
2439
2449
1465
0
21856
0
21137
7607
7057
601
8677
0
8851
0
4235
8509
18995
14076
4742
16685
16360
12668
17172
8177
2046
10595
4400
0
3695
2476
9943
4495
4379
10074
9609
7927
25667
12865
16806
23357
5117
19599
5653
0
1104
0
2136
2985
0
6123
15983
7475
5932
11242
10312
2618
10427
10769
4937
12301
20178
2571
1989
13627
3412
22745
3475
0
0
10047
9170
7934
1880
19009
19423
3558
0
4806
20734
8454
8679
2263
25683
1259
5983
3743
2771
0
0
5095
11733
20908
12112
9497
20176
1463
3982
0
2876
20857
5160
19566
6846
3369
14569
0
17677
21888
1976
10789
10539
12317
4870
4818
1103
3509
14128
2644
16200
3623
1733
1389
22451
15039
1482
0
10705
7770
10061
6684
3282
0
10205
6577
7019
1369
0
0
16706
10501
6692
6457
16712
1524
3153
16273
15736
9008
14268
2642
26753
26031
23838
6637
20948
4045
1972
1955
0
15157
730
2945
17869
2673
28100
4420
6281
1266
6993
23182
20988
2083
6273
1261
5801
10471
8742
20531
4149
3968
7339
25535
6024
0
11300
5222
13284
1129
5770
8880
17334
2907
2835
7304
11291
10833
4270
9788
2247
3655
7283
21250
9506
2436
27631
489
12336
4628
11433
7081
4691
3672
3269
20711
0
2434
1360
2699
7109
10414
15956
17341
17602
7499
7826
1329
14684
2655
1815
1814
1783
2799
5985
7706
11811
17916
18699
17244
0
0
2680
13077
1063
20169
0
15429
9201
8318
6030
2961
3924
16009
13718
11044
6750
0
7449
5359
14343
16641
4586
0
13434
4032
0
18921
2326
0
1360
1374
1369
1365
1347
1355
1338
10904
30810
2760
12217
14107
14078
5625
0
10962
0
3830
3138
4126
10929
7864
18453
6789
19378
5637
4875
0
4498
21590
13490
0
5083
6412
8456
12546
8886
2710
3441
7241
1359
0
21017
13329
17309
948
2155
8819
15898
6568
5043
8095
977
4934
12369
20087
4769
6576
7910
7899
6409
1381
4217
4685
12442
6205
17947
5137
3790
14536
14775
5114
2288
3616
16903
18964
1618
1601
1398
1412
32564
7060
19344
6752
12307
20585
2352
4767
3974
20434
9098
8632
3724
0
17225
8166
6362
0
898
17023
7912
12279
1304
15548
0
3033
2708
0
3888
8124
2555
12338
1715
12825
13808
8308
20826
20637
16222
2259
9694
20341
9249
14673
1621
1633
964
8640
4819
15115
9351
17364
0
10704
4000
21409
13477
15149
6163
10209
4988
3292
3240
17027
5176
1299
0
1945
1178
2978
18925
10044
0
17266
11792
25318
923
0
6954
1082
15153
3183
1952
0
4142
14388
5973
913
19026
8798
0
13317
10153
10645
8022
2448
3021
9434
3056
4825
12955
22960
23167
12332
0
16758
18511
2076
0
8346
10588
3202
7620
15026
0
936
986
4182
3484
8382
7329
6214
12693
6114
6350
0
4880
3396
8967
6909
8970
0
0
0
12228
0
3294
4590
0
4133
4881
6357
20080
13914
11855
7224
18202
5569
0
11562
3894
3157
7968
7155
1816
1793
11704
14786
17018
5332
10321
8972
8964
8319
0
2825
18156
5920
18587
3154
1741
2380
15134
2241
0
10189
11467
0
757
13476
1760
10678
5871
4394
23001
3713
16258
0
11061
3049
1157
866
14905
10401
8417
12964
3334
1867
21624
11523
2608
7183
2429
2383
7418
10725
2883
0
6972
3009
1773
1734
1767
1760
3535
7691
17518
5812
3826
7084
5918
2608
16039
704
4774
903
3826
0
9656
1782
2353
11545
4552
6208
12814
22357
8568
12006
1849
2128
3910
18857
11427
3351
7200
6905
7632
2832
0
5100
7553
13237
20928
7919
2731
19073
8016
6777
5254
3954
6238
1071
1060
1068
1072
1048
6432
1195
1253
1241
12980
0
12484
20088
3405
6617
0
6790
9113
539
18447
8034
0
9670
3739
6717
6126
16785
4978
4929
18734
1692
7561
4255
5493
11768
3718
12822
2624
1562
2687
1590
11611
8445
0
11880
16282
0
0
0
12272
5356
14421
15770
7765
2020
4880
0
0
7572
6322
6244
4137
3420
19563
1011
5417
2656
0
9103
0
5519
13926
2971
2990
2967
2957
6871
6478
9357
2154
1940
2002
10011
1437
0
1559
11220
9973
11759
13466
9436
5485
19407
7242
7299
17701
3603
25104
5492
2087
4442
0
13712
4180
16053
12454
10388
8823
4423
8601
3808
13467
10910
3125
3124
7244
9849
7941
6046
21743
6478
7697
6961
0
0
0
19238
13083
2013
2012
1996
2013
1385
15645
13793
6284
1063
3661
606
9511
4904
9968
8277
7926
12588
1078
19334
3667
13968
3516
4735
2472
675
0
2263
2321
1793
9593
0
13645
10172
10665
2659
8167
11643
17818
5915
18540
1984
1983
1977
1971
1260
15057
14222
17168
1441
10263
4961
1207
1168
3422
10083
3910
918
3943
6878
9372
13055
1923
5670
6357
9184
17946
6793
7684
8399
4242
10202
11902
4499
9345
5553
14013
4506
9253
4857
11873
21213
9855
34866
10023
11651
5509
1572
19802
19147
7719
0
9931
6874
2480
4941
0
6797
15391
6411
11752
0
5547
9492
3762
9924
3219
18091
9739
5454
8509
1858
2795
1081
14964
8946
1685
2769
7752
3906
16257
0
15846
16159
17791
2112
2105
1507
1691
2715
2064
2141
2053
2134
2097
5455
2421
14856
716
6265
7227
2704
13964
9296
3428
0
6325
13133
3176
2263
22076
8850
4098
5638
8170
5909
3466
3458
6235
8262
7173
2283
1370
6982
1960
7801
27279
2810
1213
15072
6281
3550
4820
0
7166
2591
3568
25680
3259
4756
19591
2438
14756
14011
14035
17726
6879
14819
5013
14035
16511
21740
10815
7233
13248
8870
7432
14025
18920
2629
6890
0
10599
9755
10344
1054
2507
5665
1308
0
8451
15071
2239
21392
4424
4139
0
18657
6832
5124
3025
15271
5822
6058
3617
15585
20613
1489
5592
12039
5693
2630
6199
2216
6849
18717
8641
14520
19074
3129
17110
13260
16866
9735
6360
17766
7669
10855
11621
1986
2800
14064
6328
10839
0
0
10994
1237
443
12344
12834
18697
20263
8538
17419
15454
7691
3310
8429
6248
11566
14924
10424
1968
14253
22190
7512
7559
7841
8965
2935
6472
19352
837
5142
4511
17120
2596
7139
2526
2273
6688
23474
14940
3991
2713
2715
0
2124
2243
2310
10538
9516
2467
20343
2867
11290
5773
2143
2128
2169
12809
9532
15489
13298
0
1539
1079
22660
0
2653
2622
12664
4129
29052
22439
1195
0
1025
0
0
10046
2221
2266
2258
1578
5669
20852
0
2942
18398
11373
8309
9903
4013
26976
5513
4020
18560
2295
2281
2298
13903
16406
13139
2666
3718
0
17200
17269
10932
17396
7705
4665
4808
17631
0
18167
1602
9641
5575
12191
1975
1402
1512
6371
7309
5716
9023
5711
19665
6324
17880
8675
20596
2757
2711
2771
2747
0
0
14047
0
718
0
11590
6714
10611
1267
11497
566
7494
13286
11458
1672
14346
3739
7538
4449
11808
2097
3721
2954
16614
2712
2748
2695
2678
14616
7072
7180
0
0
0
0
7616
2252
2235
3589
1751
3910
5525
0
8364
17969
13058
807
5146
11719
17942
20217
18559
8473
9241
13957
14135
2491
16031
9599
18142
7357
14217
4042
4056
1287
8883
5082
3403
21064
7205
19744
6085
19007
5185
2751
17180
18997
6842
1168
1207
1151
862
0
14440
25233
2978
24128
8224
21292
3217
8096
18889
24951
9331
10889
6706
9821
4549
11931
5023
4516
0
7167
0
10233
1290
1450
10848
8121
1498
5559
8982
0
0
0
8675
14486
10697
2057
17907
17130
15730
0
15726
0
13883
4587
11452
4104
6766
24867
4951
14038
2371
0
3410
13383
2594
1438
4621
11912
0
9038
19137
6849
0
19744
12385
20287
0
7632
2772
0
17681
2683
16893
2072
2084
9284
6232
5412
15730
5711
14691
15612
7178
4414
6541
5722
16349
5106
17044
19487
13394
11693
17243
14423
17639
1922
2033
1039
9150
16532
7011
0
18205
15876
0
1191
13745
8156
7221
0
1497
12177
6356
1232
1240
1163
1225
1229
1041
6393
19507
10812
7054
21281
1097
1128
1145
1127
1137
16923
1708
3048
7568
6305
4217
2910
2811
11682
5023
4362
2246
11992
2685
5942
19573
13231
879
8005
6010
6851
12131
0
13234
13462
4129
1666
1665
1687
1653
2302
0
11181
11075
669
3778
19352
0
10122
7756
6036
5019
10261
0
12538
4726
10196
18198
9993
3157
0
8553
0
8578
16862
14116
4231
2793
3518
4736
0
0
15920
23989
2986
5999
3082
7778
2647
2596
2089
1559
7429
3142
1648
8870
11831
20335
10977
9793
7921
2837
13410
3943
11048
3884
22623
5549
11493
293
17909
10441
0
0
6990
10393
18466
6211
4661
8913
1575
2081
19502
17152
2905
0
10530
0
0
14999
11099
7100
0
10678
23758
1855
1839
1861
1847
8590
12576
14814
13396
8890
15076
3877
0
7788
4620
16576
12443
2599
13020
15656
18590
0
4542
3620
13786
4300
2148
6587
24630
13704
8038
2512
6381
1245
3041
759
0
17068
19132
15261
4543
21107
11007
27298
6536
7930
14912
15399
4981
4864
6357
3292
6849
3377
5345
17487
15526
364
4975
7362
1323
4370
5403
6103
5562
4232
16076
14080
8980
4099
4860
1732
20042
8150
20272
0
2989
3027
2996
14751
0
0
21243
16594
8560
17266
15604
8466
1801
2465
0
4328
7099
16016
8724
15243
11530
1605
1891
11009
1272
1318
2134
8837
8020
0
7989
14170
10353
2259
9939
8583
8197
17382
3663
7406
16464
10411
7601
25906
5367
3542
7214
0
5655
14685
0
0
9490
21050
1950
19568
0
10106
1174
16117
7892
15378
8537
2378
0
4376
14224
1782
17527
3489
4700
1366
6527
4326
1253
0
16118
12973
3366
6438
11309
10227
6833
17720
11704
20760
0
6100
0
11099
8713
9779
9961
2245
2422
13578
16473
1352
1354
1371
6099
788
4463
5019
2221
18729
2942
10509
10837
803
6805
11709
3030
3027
10180
6284
22804
11724
11730
0
13965
3915
4682
2108
1340
1299
1953
0
18249
1411
1458
1446
1432
1451
9558
5742
3394
8273
19065
14499
14269
14347
0
21071
5466
3318
14163
16334
7041
4961
3685
1186
0
0
1885
9930
3825
7380
1111
1884
9048
10054
0
9217
11974
7482
0
12560
7384
0
17582
11052
11744
11764
9679
5785
11712
16862
12806
2745
1547
1530
1549
10348
19657
9940
6130
3503
0
0
21212
0
11808
845
7862
0
14337
6651
6161
8354
3450
11520
10494
8414
21388
6044
14167
3838
11610
1470
1214
0
2129
19327
12940
18987
17137
2853
0
5764
2808
0
14230
2837
2839
2848
927
0
8838
13413
6790
2361
20714
13234
4382
11116
9602
15098
4136
8939
0
20260
3448
20521
0
3655
3027
7617
10019
17911
0
21975
10813
2752
22153
9156
9581
15989
3464
0
13004
0
22564
11387
0
16620
23297
3418
3321
0
940
17821
11994
5831
11918
19535
0
0
805
0
0
0
0
6995
5125
8813
0
4039
0
5605
0
10527
16049
867
17575
5820
5894
5894
15077
8691
10462
13027
4806
10321
17671
5752
0
0
1882
3751
12375
3439
1709
9305
12905
5288
21314
7574
2649
7529
17181
2137
2804
10679
17158
7842
6170
1793
1465
4981
4670
9316
2847
8547
4261
2193
23261
7152
15010
3502
0
6379
2312
18483
15338
12372
17497
3690
5151
2870
3986
10596
9995
491
3044
4394
0
12358
0
2172
16978
6093
5696
8344
3778
13634
0
2197
5876
14101
0
16494
1166
1242
1243
1780
11297
0
5397
6338
13617
9053
9066
1435
5457
5713
3511
3758
20701
2889
4508
11760
2629
15454
13539
11435
3252
11373
7404
2717
0
993
14308
18499
13766
14047
13391
13009
1377
4451
11689
25717
18015
18852
8532
13850
4089
18495
3186
4629
9514
0
885
19910
11073
3192
3156
8987
9289
4754
17636
2454
2444
1615
2154
8229
8817
9112
3642
11192
6582
14967
4667
0
8729
2633
15790
7768
3640
3293
24092
11274
1234
15388
6497
3716
4742
6737
17574
5019
8852
5035
0
18775
1369
2451
2383
12121
6614
7383
3975
4962
1011
7711
1907
0
11525
1396
6954
3034
13861
3210
3107
10639
15137
21470
14203
0
0
17929
0
0
14020
1383
1348
0
0
12536
5579
0
10292
12631
23854
8538
3693
0
4418
11231
0
6762
2678
2607
4729
4734
0
8500
8366
0
12655
3114
0
9517
5100
5282
13572
16544
10223
1645
15540
0
11906
17963
11707
7495
14940
12139
11555
13668
10825
0
12643
8293
0
6076
3758
0
18866
15816
12928
2425
0
1490
21056
8021
5948
16261
9183
23048
2383
2276
9872
14797
26908
11079
13333
7465
6690
7952
12098
12477
9614
13206
11265
20133
1224
20697
21676
3211
14626
9621
10088
12649
10000
16337
11882
5600
0
12892
18004
1595
15343
0
18028
9437
17307
0
0
0
0
11193
3449
0
10559
1152
7053
18717
1797
14545
23582
2201
5579
6363
6601
3590
3461
2206
13469
15950
26159
1200
903
12426
14314
0
494
2234
690
2276
599
0
2275
2315
2316
2216
3360
17306
0
17286
13004
3496
5662
14083
11362
12490
20650
2293
3295
14283
4987
2553
17913
1191
1267
0
0
13753
19337
21018
7246
8110
3353
0
0
0
0
4050
17675
2317
15461
2897
2432
2679
3772
7654
15584
12286
7750
1079
10273
12060
2521
0
0
1553
8733
1799
8671
10320
23086
1671
1652
7681
2954
6531
6754
3098
0
0
6057
0
1526
14430
1028
1407
1263
7826
8394
11477
6208
15715
8532
7258
0
21509
15617
6603
6554
17504
0
1780
7980
17563
1670
0
2515
948
0
3171
0
5329
11689
25313
16003
6866
7461
2836
2767
1053
14021
17834
17848
8888
16315
0
0
5448
0
2006
1971
0
1599
10345
11529
8036
8047
9728
13210
11983
3869
2365
7176
6745
7001
9622
5945
17558
8954
15715
13096
5037
0
3473
0
4118
0
16132
8713
7233
9456
0
1713
8458
2733
0
1582
4972
4112
2176
12001
11284
1477
18918
9004
2673
13051
7000
8298
15494
6886
16886
2268
16441
7930
4410
10367
11790
13222
22247
13772
3029
6093
4717
5481
4815
5338
1605
0
7499
918
15248
669
18816
14435
8318
3264
4227
20232
15419
3110
8823
1546
0
9559
6248
17893
1408
20245
0
4762
8039
15162
949
795
20607
7296
3346
10658
8231
4040
9697
19664
7773
14334
7308
8519
12175
5943
13402
1452
11093
8590
0
9027
4412
11184
20249
15613
24997
5484
16427
6113
7099
1419
9734
11203
20233
4855
6346
5663
8854
17783
16347
8318
4878
7944
20358
10213
7840
3846
0
3417
7242
8699
1096
3092
0
8448
2637
14207
0
4849
17527
11236
3130
8697
21928
0
7985
12229
2001
414
1466
20780
9686
15142
16838
5247
5458
5726
0
1542
13887
8574
9697
0
20393
29566
13611
3304
25630
18125
11629
19758
3003
11834
4996
7757
7487
840
9894
4606
0
13464
12804
5356
7187
0
4501
0
10282
0
1927
15507
11305
7578
7151
5623
0
5052
19620
5712
11593
2566
2269
3480
0
5088
0
5111
0
13165
22295
11190
15702
2274
3708
3665
16089
22948
6367
3069
11158
5450
7866
19320
8296
8687
3665
13972
1911
9284
3443
2420
7733
6115
1069
7388
0
1100
22808
19549
6172
1776
11741
15325
10061
0
0
11405
3659
4043
8862
12321
5063
2393
10166
17923
6294
0
19094
9803
0
1416
1443
2316
2938
1955
1929
1950
10054
3441
8361
6204
3694
5123
2841
1594
7713
14406
15864
15951
5403
12228
14373
8535
7085
0
6349
11723
11138
3534
2445
2427
2443
2436
2430
2093
1095
2273
6518
4020
11544
8091
20890
0
6492
1759
11499
3568
2829
2618
20298
1187
0
2067
10642
13615
3357
2343
12408
3020
14053
17084
15783
5117
12085
0
3584
6087
1337
1320
1342
1338
1320
1325
1311
8448
17508
15303
7761
676
5259
10100
16373
9050
10704
2347
4678
20517
10221
16694
2298
17695
5845
14967
17413
11201
8557
2732
15242
9470
8955
5929
5498
6111
11018
4657
11235
18094
10160
0
8929
13588
0
21294
6959
10157
15378
9997
11419
6819
981
0
10909
20155
2102
5683
1009
23441
9967
17037
3980
9511
15735
11306
16266
17615
7029
7216
5189
1634
1835
6461
6457
14117
1018
13360
3396
16474
0
0
10280
2326
2336
22321
0
2677
8105
0
22288
13291
5074
9190
12106
6904
1286
1327
1330
1355
1321
2263
15779
4370
8085
6760
0
5436
0
18036
4972
7376
1444
4472
6617
11040
3012
22926
14048
6278
4054
19117
20038
13880
21094
2144
3503
15290
9130
1938
8720
3009
2214
17649
6881
0
9341
36406
1885
8264
9213
2523
2452
2329
0
7174
8775
0
9076
11323
20347
24564
31760
17136
0
2654
0
26713
5235
10711
0
2894
0
0
14610
0
17127
18657
10343
13690
0
2077
9690
6681
13165
8409
1032
1413
14739
11508
0
6075
9442
16294
12519
0
10252
2420
2398
2268
2411
11777
17964
4602
0
4025
532
6135
9017
1727
0
19237
0
20819
12097
14389
3862
7615
22466
9820
6411
792
3012
17195
5342
1330
1565
11408
2880
4294
0
4189
4870
0
2019
14723
17665
0
15561
1151
3645
4213
11161
8784
13165
3784
7147
6227
6785
20345
3313
14822
5152
1144
10958
6657
0
13841
20956
17608
9027
2415
4765
3650
5337
0
13052
7567
16691
19406
4677
7203
0
0
10424
1622
4491
19015
4458
2337
0
19753
4115
10080
3742
5452
6028
12311
2631
2672
2577
2673
2008
7785
23273
10400
1331
2386
14033
1268
4197
14960
5763
942
9914
5059
7389
5397
17082
3497
10750
9333
17201
15388
1150
0
26152
0
2956
9662
2800
2825
2817
2835
2005
15251
15859
12136
1647
5364
2206
7272
7390
3040
2757
9187
5585
0
4580
7847
13148
9112
10598
6421
10513
0
5097
0
6787
2096
10838
6348
5841
7952
0
2287
4374
16784
10150
3924
4694
10330
8143
7434
553
5277
3628
17233
19884
5595
15956
1751
0
17496
13467
0
1072
0
5195
11225
3954
12176
6792
3550
27458
8150
3397
21664
3440
3221
9118
12371
7198
3565
2399
8020
4455
0
20348
7450
2570
23982
6301
7120
10591
0
5141
4055
16443
2543
17050
5493
10434
24064
10701
1993
2439
0
0
12496
4415
3346
0
0
18738
17729
9331
14968
3054
0
3936
15720
14968
3236
12919
19656
14176
20398
3836
3686
1313
12294
15712
1775
13981
15681
7550
2741
14616
0
24969
0
9996
3850
7015
7711
2516
13452
20125
11626
7214
12894
8982
16622
8803
7441
4431
8836
4847
9275
9632
937
11071
18030
3381
8571
1096
0
1487
0
4792
9514
0
1891
14331
7258
19837
0
5327
12161
5246
14094
19613
2849
0
1852
1853
1797
23179
6607
0
5489
16478
28093
21662
4973
0
12338
1991
13110
0
10741
5638
9344
0
2519
3249
0
15914
13002
0
0
6998
4141
0
7733
22513
1465
16286
14844
20100
20424
2027
8934
1941
9808
6796
22096
18996
8615
4555
11946
3530
1328
14296
5371
17487
8022
18115
9876
5380
4617
11852
8104
19238
3105
2273
1423
11646
971
10641
3623
9944
14843
6389
3029
2713
12224
16376
7091
1619
19129
0
3094
3125
3129
3123
4291
4311
0
18325
1769
18019
17611
15230
5516
5502
0
4437
12961
0
0
9006
1706
1571
634
0
0
7867
14463
10121
11753
8539
1175
6733
10873
8432
11000
5315
5834
1115
11207
18833
18198
5228
9611
17361
17260
5237
2780
2150
12095
0
3883
19257
3562
4988
12903
1583
17290
6005
5338
19205
2436
2511
7763
1924
2551
3338
3118
0
4750
16568
0
2435
2444
1601
4651
4987
22438
9826
2377
0
0
4121
7374
0
13869
8453
0
0
13697
6886
4464
17956
17338
6623
4086
4186
11525
7510
0
11063
10512
6564
1160
15551
9134
0
4453
2837
19068
12804
2759
3056
11599
3685
17912
4932
14252
3476
12503
5120
5764
13995
7529
18929
13179
0
5020
7068
12266
17903
2202
4794
17317
8784
5799
0
1141
7942
4550
6376
5526
15568
17010
11209
795
13815
4045
2194
16359
3338
2809
0
11246
5953
8587
8868
1038
2352
2331
2375
1902
1483
7003
8002
2643
4498
3021
19494
1557
10739
7173
7875
10816
21640
5776
8163
8972
23639
0
11205
0
0
2202
5932
1628
4496
20897
3710
2167
2165
15566
1270
1349
0
28084
17748
13614
11123
10385
2295
3379
1797
1278
22032
22311
23850
18633
8314
4796
4442
10947
1469
14426
9511
19070
2916
4707
0
16577
7918
9565
0
1083
3219
11417
0
0
4624
10151
0
15593
3144
2519
17997
8158
10958
2043
15634
9616
11709
12590
5332
18578
5149
2447
14929
12582
8242
13513
844
0
7485
19073
677
3883
6841
2262
2286
2247
5399
7326
0
0
1604
3129
10854
2562
2669
5553
4723
4729
23629
9453
9853
19377
14096
14404
2140
2110
2143
2081
2108
4614
2755
4831
6227
19294
10384
7659
4394
0
2561
22818
5266
8970
12474
10410
19569
16026
8946
2762
10027
9943
0
4468
3686
17658
6805
4857
9797
18458
7972
23469
1113
5221
11164
0
11332
2939
5936
3452
0
2160
2162
928
5020
2789
1336
1616
2026
2124
19392
7521
17198
11454
11609
8428
14301
10612
2056
17876
7139
6300
14292
3948
0
8709
14232
1889
3501
2263
10523
9990
10250
14506
18896
15894
0
2297
2493
8350
6691
18089
7688
0
0
4133
23853
5330
24032
1774
9893
0
9122
7943
20876
5360
0
502
3361
0
11024
11967
4566
875
7965
0
19954
0
3107
13325
8844
3680
3694
2738
15614
15323
4734
13629
3685
10430
12427
2804
15860
9308
2093
6822
19150
18188
6655
7667
6875
24836
15465
3485
17353
12148
9283
10863
3203
20546
2497
8883
10981
10555
19406
4238
19375
20294
10850
16587
3204
25722
9877
17682
12467
2307
2231
1520
1517
1511
0
23067
2717
1635
12754
14144
8650
12954
0
7871
5083
5716
19996
2446
10667
9984
7871
23537
0
995
11001
6548
18801
0
13629
0
7093
23908
2066
7929
8536
10536
7659
9717
4057
0
0
18559
8500
1628
1643
5217
1029
1106
1108
1126
1130
1104
1123
18772
1331
2528
4627
9198
2367
2354
2357
2364
2366
11223
0
6892
11232
18629
0
1653
4616
16972
1811
4915
4300
1400
12510
0
13732
15117
0
19832
3426
3427
3437
9145
10112
0
3429
5813
682
10238
1211
2083
2090
2072
6972
11930
4958
14908
15384
12965
788
2155
2141
2155
2165
2484
2482
2259
6304
13716
2568
13737
0
21240
7749
18063
1739
7881
1243
3577
10016
3044
1871
26162
3999
1971
0
3247
8956
2169
2167
2141
10614
0
10351
12323
11122
11612
7380
4245
2087
2129
2637
8147
13596
2350
8569
26310
16465
6205
7775
6756
7538
12493
5775
3370
8457
8288
13170
17733
7867
2521
16027
3785
2651
13396
0
9765
1465
1473
8848
0
24333
3519
5031
5021
1275
3308
2555
2642
0
17036
2995
7940
5926
6286
5684
4144
10427
2510
24209
9854
22234
5263
14327
8724
6711
3064
0
7674
0
3304
4976
643
4518
1815
15610
758
1065
9682
5321
2371
19911
15074
0
5598
11659
9550
2809
19579
9827
6536
1447
0
2127
0
3988
5952
24392
10669
0
14799
3788
2110
6992
1440
0
0
10198
6776
4228
0
7724
8717
4948
4688
5329
7370
4000
1229
8199
10122
3987
3988
4082
4032
3524
2691
19298
5980
3951
4614
6844
10594
1496
5769
1654
7887
4008
4044
13279
9562
12084
0
9596
14133
13338
1970
11799
9049
4951
19660
4337
10017
626
14887
3029
17868
12467
18457
9066
17556
10134
5076
8370
12104
0
13645
4983
8713
2622
4393
1533
1432
1468
1430
16824
12237
13890
7159
2492
3014
1554
10131
10063
1764
12457
8592
13674
9503
6961
7846
8389
2507
0
4170
2555
3450
3979
13582
18128
23863
7982
10408
5008
17713
27361
6881
2873
537
2807
8143
4552
7714
21876
1340
1431
14282
9930
3392
2610
22877
1306
10065
5607
4703
0
10217
21088
2142
17909
17076
17496
10756
5136
1630
4752
0
1289
2369
0
2352
2369
2365
15159
10690
2804
18962
10377
1396
3022
4185
3008
13577
1247
19181
18192
17351
18448
8097
4513
6774
5022
20485
2329
2346
10768
11847
3205
0
5370
10553
5903
3618
8527
12560
7482
6402
3292
9805
12753
8056
3116
0
13096
2418
5775
9462
2245
0
8046
11655
914
11273
0
5138
14355
13299
12679
10957
3803
4396
8952
17815
24662
8722
0
3751
21672
3811
25604
11802
19174
17691
2632
2993
17745
0
7113
1457
5570
12813
0
3364
11761
0
24898
14676
26550
1390
18138
0
4035
5146
20233
12000
10199
5834
8461
8665
2001
9762
13875
10996
6284
4314
4310
3908
21705
3026
7071
10213
12963
6627
9262
20105
4898
11520
14344
3474
6310
5257
11725
7338
14724
2098
2075
2099
2099
2107
5178
3937
0
8484
15539
3581
15238
4181
8322
2102
23176
24428
2661
5929
1178
1804
1776
1791
1310
3370
9691
11404
1589
17322
10773
3605
10216
14483
17393
0
7601
3291
3805
2451
6548
7422
7647
7855
19169
820
0
3693
2255
1683
4289
7919
1335
14085
10107
3841
21411
11480
6202
7697
1309
11739
18682
13171
14776
2261
2469
2181
0
10795
15338
12542
0
13296
21825
2432
247
18993
17693
12466
20502
2212
2246
6692
6800
0
6347
18017
7266
7768
8071
8201
8355
10286
3961
4526
0
4118
21127
10433
0
8667
22189
4542
14488
6116
13090
1405
1387
1360
1393
19699
2122
4177
7400
8367
6962
0
3012
5336
7701
8447
14792
4217
4462
6036
10696
5521
14124
8710
0
582
2708
15507
18401
17409
18662
13968
0
18606
7870
7751
23589
0
0
7216
18307
3481
3240
5035
4261
4138
15004
1835
19293
1590
17372
3632
6586
34097
6322
5683
3855
15058
6939
12595
0
0
0
19768
2831
3381
996
0
4862
14920
15585
8802
4582
14997
3242
10457
21316
4520
1694
0
0
3345
21470
13345
4090
3511
13450
6684
7275
2355
15454
8599
7720
9210
8493
3193
13742
10845
10381
6636
6210
26248
14306
4945
5024
6574
5691
12946
13881
19542
937
4741
0
4315
9960
0
8555
5698
14591
2820
2858
10984
0
6063
17412
1924
6834
2866
0
6961
6287
3335
9343
6588
3930
17178
12577
2367
14403
11868
13905
7997
9152
2376
12242
8688
7200
11792
5301
6895
6894
6297
1977
0
3898
1672
7790
4462
8946
1528
9556
1194
24547
4228
5128
5443
3789
9749
2882
9111
0
0
14478
6365
5460
7310
11858
11160
16633
1975
6455
0
1963
5717
2871
6372
6004
20308
13043
0
0
10630
0
11177
2849
6768
9336
4092
18666
11844
0
5775
2047
12811
15250
14065
14264
1564
1550
6041
1077
4568
10940
6617
4735
16584
0
3239
25843
20796
4808
0
6085
863
17239
5288
1453
20466
5592
8499
5576
3431
2639
9013
5964
25322
2315
5257
21671
0
2448
2499
2483
2510
7138
1958
27063
5430
6872
11753
4899
1206
1206
1193
1199
1210
1206
1176
1204
11172
2270
2717
2676
2783
2833
2718
15334
13744
0
0
16251
2743
8537
971
3804
10699
6584
18018
4854
2275
2293
2288
2267
2261
17800
15281
19833
3631
3304
4033
8052
6167
33668
17543
10631
2907
19640
7720
16935
1790
0
20604
16789
18323
0
8366
8287
13599
16712
9980
3634
6149
12164
5969
10237
10277
22227
1536
7983
0
1970
14540
12067
28422
5421
688
22268
6676
18380
1002
32595
8355
4229
15970
15249
20115
25495
8637
0
3201
5416
20069
1984
9902
4195
6222
0
0
1011
0
0
3853
0
0
0
1267
19492
3024
23180
19885
13320
1280
1228
1242
1214
0
2955
5435
13683
9367
0
15689
10230
7757
7237
10347
8817
3818
9623
2020
6644
0
6223
10383
4897
12603
3484
5010
10986
0
0
2279
2325
2311
2321
13424
10797
13780
8459
4362
12331
10038
1652
1776
15091
952
9770
10677
13785
11205
7177
15606
7314
9660
11546
0
9835
0
1664
7925
0
6144
7189
2607
13726
5923
7681
17102
0
6343
0
9672
2767
21133
4771
17954
14170
14434
7565
10076
23853
9269
0
9097
10830
20825
4595
3503
18831
8165
19369
8846
30154
0
11847
13548
2823
16733
976
0
1723
1583
3592
8961
17654
3618
3384
3756
3860
6037
3907
5210
6933
13457
961
6719
23541
24427
0
8686
1478
5750
22346
5375
20824
11680
1280
2259
12722
10222
0
2540
1497
1549
4921
4421
4424
6625
3149
18630
2593
13279
2325
3964
4972
15948
2219
0
6451
21571
7847
7820
18743
2233
0
10318
17612
10298
30563
0
0
10354
26852
5340
13248
7884
18417
4383
2785
17661
11425
7034
15901
25773
3011
29016
0
3656
15755
1912
6517
0
4720
2881
9674
4391
8246
0
9907
15015
25904
0
0
0
12354
2292
8530
17379
17082
17457
757
19561
8239
4134
3007
5131
8166
6984
1163
1356
7617
9294
0
15509
26566
3940
10759
842
23492
5275
19821
3054
8076
6062
3785
10051
15155
15428
10433
1455
3050
0
16621
9937
12737
1784
19871
11055
4122
9025
18976
15102
3630
15209
15261
17920
5006
2728
2715
10250
2106
5770
5177
0
3618
13797
1765
18220
16532
20804
5772
17783
10998
8585
3285
3470
8511
3869
7099
21628
0
22082
7738
3116
10306
5780
13816
9012
0
19806
15216
11096
8594
0
5563
12304
8395
1692
14986
11082
21588
7540
9162
14250
1441
11223
8643
0
18467
14934
22465
9741
8297
6303
830
2504
2511
3842
21345
0
9821
0
13287
6804
9139
3178
9454
2983
12338
5713
2354
2794
17684
10676
12946
5230
2861
4761
1223
6819
4570
1923
1872
1928
1871
9502
1096
11572
19146
30366
17738
0
17143
17118
2501
17170
7186
1623
1395
0
10721
0
0
0
13763
5697
9689
13344
0
15650
0
5244
7738
0
2707
4266
13248
9034
3822
8893
11427
4983
4602
4439
23817
21530
4838
17129
7396
9017
16526
2265
2471
0
29428
3130
13567
8393
2407
11150
10370
16197
21824
3269
5253
13472
14762
9899
13798
12502
10611
0
2589
2614
2563
18968
25904
17476
19698
8694
4372
13463
11907
10289
6104
6388
15607
11312
20544
7418
7418
16420
0
1122
8126
5730
0
0
22509
2809
24531
8886
10879
5553
7361
9991
9957
12467
0
0
10711
17595
6548
5012
0
6140
2279
12006
13212
19383
15228
22674
8985
3794
19542
6470
7888
4039
3245
12208
9987
8027
6467
16928
9193
15954
8941
0
19229
5173
5132
19307
11487
1779
6777
8601
9103
4146
0
24678
5926
2865
10607
17647
6334
3415
7664
16229
7871
0
9891
0
989
18494
6002
6048
21448
10222
17576
21824
11573
19940
14054
13072
10294
18675
0
19425
5517
0
12923
0
9148
0
4477
5721
5103
10545
21436
6734
2597
8391
21408
1140
0
17242
19877
15185
20011
23720
18307
17714
2394
2940
17824
8153
1974
11726
6468
2983
13993
0
5707
15197
4079
19163
4926
10742
1597
17974
14570
4312
19029
11755
6055
1671
1436
14768
28334
2508
5585
1798
1422
1500
1480
1392
1489
1373
1319
10405
11470
2961
9903
18134
17471
4288
28393
7598
15545
1622
24501
17965
4207
8192
25937
16019
13455
1963
0
17329
6782
838
1583
3146
7342
10344
25813
0
0
2423
13051
3906
15706
5319
21233
6090
11322
7189
3089
6227
20862
3118
12040
8165
9062
2066
3574
2167
1876
18702
15896
11729
1695
13399
17120
3064
6844
4883
16948
11828
16348
7680
0
0
0
4786
4803
3073
8294
4060
576
556
574
2986
796
958
6677
4173
5879
7205
20815
14859
2662
6814
3934
4085
12292
13086
14587
10031
6154
5980
10930
10102
10091
1365
0
2926
6476
12853
10621
4569
5100
4206
1193
1168
1187
1207
1152
1183
1177
4335
3444
4279
1253
9453
21759
9855
0
2120
14298
0
9579
1262
2467
11595
3026
3014
1471
1542
1410
9053
10862
5059
4069
6035
21857
19117
4233
5748
5747
2084
10176
17026
21284
9401
10055
24813
1219
6025
6439
11845
10283
1272
0
12182
0
2150
2109
2066
2135
2025
18144
22324
9258
13121
19162
11021
5769
5769
18597
10028
1620
1791
1118
16886
5326
1465
1560
1035
11337
7697
6371
14145
2364
1765
17062
15775
950
10630
13575
1560
6778
17580
7728
11055
2588
8046
2412
7224
13899
2980
7373
7583
20504
7117
2636
7773
2421
25415
7550
18471
1557
1600
1609
7077
1180
1179
998
0
11184
16921
2367
11506
22640
2135
6526
2167
13434
14050
5376
902
10753
20447
16200
10345
11899
11521
4517
1426
0
1321
20710
3964
15040
1522
0
10385
4864
1710
9759
1146
1702
6646
11004
1346
0
0
0
1893
20648
0
2356
9531
0
2173
22059
2327
13397
4789
20854
5775
5433
11771
13149
8514
1557
5607
11410
33226
12407
0
2762
12182
11092
19519
19774
27198
0
19002
8435
957
6437
5466
5481
4206
7843
3016
19454
3044
2996
0
8534
2078
25399
1138
15900
14379
1017
11712
1637
2811
16714
0
16557
1883
6554
8256
1096
18454
11477
9512
10698
8606
2845
2820
4599
3354
1779
1757
2568
2575
16585
10919
16841
9474
13359
39777
1804
18834
18855
4912
4892
4859
8592
0
23124
9162
18862
3077
20252
3589
3391
0
0
7119
8722
16211
18126
11232
15149
18081
3463
3458
12131
7922
22205
9784
0
15826
7761
10245
6357
0
2456
3646
6868
2912
33875
5872
9045
685
1745
5014
23772
22505
6436
9224
7119
9995
3641
6080
1874
0
800
2589
2605
2550
7353
7373
18801
2699
0
875
19525
9835
0
21854
9613
16496
14368
14793
17534
19082
0
18505
0
12810
5205
3190
2454
3781
6670
0
0
4296
3802
16836
5587
3619
0
13894
3166
17555
13950
7383
3727
0
0
16874
3017
1433
1556
18116
2036
26120
1803
4028
5098
6002
3434
3863
6959
9957
0
2850
20447
11239
3294
6373
14121
10939
22003
5177
20753
3114
3145
3107
23638
24707
10687
0
7279
1461
1716
6347
4150
2409
9003
4545
9812
0
23210
17858
7748
18356
1670
0
14068
19491
9277
0
0
0
22948
4423
17908
8407
6422
8917
12085
22101
14832
2175
18941
8591
6325
2911
3934
3926
8937
10142
19557
9274
17664
0
4307
9577
15202
3414
25824
13866
15602
0
6874
10065
6799
30500
6276
25065
1650
14988
11699
8259
13235
0
9944
18521
8274
3207
2633
0
9503
0
20635
20335
14100
0
15348
19322
0
1842
29683
5262
0
12830
17406
7050
9894
6640
5989
6375
1950
1963
13796
13734
21687
17734
8219
4299
9959
9764
1786
1092
27981
9053
523
27138
10011
11629
1141
7272
31751
11930
4666
10999
20043
5525
19069
6293
2672
1158
13276
16649
14724
20722
2925
5505
2119
2099
2103
3291
19611
9496
1323
1354
17999
2754
10193
6313
3172
4686
3507
5526
17912
7766
4971
3204
21995
2775
15857
14006
4629
1231
1196
1189
1212
1201
1223
1169
1181
7449
1497
24144
13449
8668
8344
17291
1823
0
3834
2522
6259
3007
1254
3398
1630
0
0
0
0
13301
1915
5629
22111
8093
4068
1585
3350
3410
3348
18156
20264
18080
0
5693
20744
6027
2063
1076
1093
1019
1079
3506
0
8775
12399
12924
12292
3047
9651
1268
10213
5114
6508
19964
0
10898
3830
13667
887
15749
4760
8526
8875
11341
9561
13832
16303
16438
0
4738
12054
2433
10235
0
13289
0
0
1905
19181
20609
16060
6609
1975
17622
8582
20193
4550
11150
1498
2356
15930
3497
9990
3470
1741
1629
9264
1120
17762
1435
4996
11428
5200
8103
9273
5109
3605
3977
8974
8971
10290
919
979
13388
4063
16269
15804
5047
1670
0
2048
0
21153
15622
5798
2010
2020
14262
7135
1154
6765
8802
3396
17003
17476
7949
5002
2241
3091
3161
3181
10385
23149
5126
1586
0
16287
12707
11280
22893
1270
9700
7532
16452
4012
8424
18809
0
7474
2814
4494
4541
26605
2848
12578
22655
2193
1535
4005
13041
20346
8446
16288
14197
9458
2461
2474
12202
2372
2398
2364
14454
6936
2164
8470
2453
2611
6129
4092
9524
12776
10095
9882
8243
19080
18663
3857
20612
6982
19715
3333
10800
12583
8857
17460
6147
14990
19934
9444
3348
0
4954
0
1717
1778
4940
9752
11664
5852
4892
4885
4868
4890
4821
865
12255
20163
8714
8636
14672
10551
12462
1982
1735
7998
8002
14538
3680
12934
4724
20142
18295
2497
8477
1238
14119
16767
5437
8542
3279
15587
0
8697
3291
2913
0
8379
1727
933
3453
2991
2012
7514
1333
23953
0
17849
25195
1872
2421
939
2143
22099
3473
7120
24988
13694
2941
5704
10350
1936
2056
6195
3921
6326
7807
0
2531
19402
10741
9936
17198
9183
1843
6626
5195
13518
8835
812
17692
11744
10992
17206
19745
11282
7755
32381
18300
1117
1134
1077
3653
16301
4867
11349
19053
2261
6397
1603
4752
2918
19008
11432
7641
3542
2185
3550
3537
7613
5823
4880
6676
12008
19734
0
11323
1890
4169
2215
4554
14238
7154
3548
5721
7945
831
1979
9813
13811
3330
1517
1393
15442
14899
1014
1034
10534
3966
8736
3362
11911
6270
14763
9447
0
0
8635
8494
4206
16113
5396
12899
751
19294
14365
4210
9949
18467
13078
17228
3516
6390
11094
1454
1482
973
3809
8674
16165
6708
10419
2663
16198
4685
19477
16925
0
4572
1082
1287
4666
0
7572
0
9820
3582
20621
0
1736
14504
515
11117
7603
20304
4377
3751
12698
6959
4859
5583
1385
1358
1364
1394
14772
17064
17136
0
4196
18293
4990
9220
1890
3237
14027
3526
17298
2672
26527
8960
0
2842
2388
11768
24769
0
620
1864
13365
4916
15505
8193
4643
7010
0
24559
5056
5217
2760
6806
1209
1145
15892
10423
2481
19272
7513
0
9177
2562
3997
1779
2379
2929
0
1107
3966
1435
17972
4241
1594
0
0
0
6946
0
10656
6484
15114
7856
0
0
16138
5628
1302
8269
10802
3528
9492
12307
6766
637
0
9687
0
13721
3540
6448
19163
2804
0
19143
11615
18798
24437
4100
18806
0
6521
10977
7109
2504
2466
12302
16622
5210
4102
9875
7917
11930
1726
5032
1344
1030
1106
1112
17985
1546
17081
16818
9131
9916
4530
396
3002
3300
3639
13723
0
13009
4885
8469
6431
3894
4510
7401
0
1684
1731
1712
8456
3016
1503
1961
2059
4109
3251
17248
8295
0
2106
2207
32958
1103
0
16442
0
0
1046
0
5633
23061
7902
4413
6257
17176
4685
2380
3607
6197
0
0
4241
3668
18788
1660
22658
22566
9267
1863
5848
1703
10762
9554
0
0
3210
5001
13249
2869
15437
13075
4480
1061
2205
2350
0
674
0
2493
0
16465
3785
12117
1115
1621
1633
1607
19546
4972
6066
3158
4707
21194
1177
19646
22506
15622
958
5429
0
2681
11765
11071
3240
3214
1073
0
7109
10080
13282
1322
1473
1475
20067
5564
3035
8312
3634
727
18955
1383
17953
18710
19263
2296
19534
14861
4018
22563
1205
0
3598
21644
4086
5536
8954
0
18390
20462
10632
23253
2809
8537
7464
27473
15858
12905
19710
18400
8345
13881
1479
9793
0
29246
1842
3578
18027
890
8872
3672
14075
1871
0
2795
1527
1982
2624
0
0
11905
10033
4519
9438
1417
1321
3599
5497
4823
1490
1637
1634
1633
3502
5072
2581
8990
4171
13344
9278
2530
4022
15222
18679
569
22462
7174
8418
7268
550
0
2335
1700
3213
11540
1965
4361
17229
21693
2516
2525
2524
4948
6218
2322
5176
17786
6892
3504
11584
4231
5689
0
0
24324
8942
10480
9699
6280
5268
6427
4992
6234
20285
17425
2899
23208
1719
1090
0
245
0
4681
0
7984
15130
8629
15913
2373
8408
0
14369
0
7295
9684
1497
1493
1231
13233
6532
2431
7175
3501
0
6722
6459
4016
11146
1384
5873
18024
0
20113
18995
4359
5214
18140
0
11988
3260
4560
14409
2811
9430
9150
0
21775
10300
11659
14307
5057
19180
17246
18592
12608
8217
6905
9874
20546
0
30247
10349
4116
4196
6144
0
13694
1131
13894
5385
17338
932
18997
12451
18355
0
15381
6045
5576
5703
3522
8395
19758
9571
2493
28265
13125
2555
2522
0
5578
7401
17309
20982
18375
559
1512
7738
0
2757
2915
4688
6030
5338
1722
8179
1311
0
1262
1203
4421
3798
9674
10038
1836
4078
9349
5781
7399
6223
4311
4538
11638
19425
5684
4144
16527
0
0
5612
5742
2648
5000
5006
11138
23926
9582
8220
8849
1359
7661
6431
20368
13027
7580
16728
6824
7515
3912
5403
19240
8154
15226
18156
7688
4384
784
14532
9949
15390
17337
1432
1306
0
1570
6620
14829
8142
9389
4223
10797
7055
5489
9275
7576
23032
3465
9620
14215
3819
14729
0
1744
10157
7645
3653
1241
1289
14750
12060
2486
2482
1725
2804
4881
4687
1350
3548
11142
5405
1483
15999
13218
15978
1885
3113
14485
2999
0
13885
2090
15741
5010
15509
8003
14442
3728
4466
18676
12385
5292
14733
1881
1894
1890
7309
0
4960
2206
1392
7680
4079
2358
2166
2097
2094
5533
1888
6351
826
6413
16006
0
1139
5061
16016
3957
18744
5946
8162
2969
0
17250
5422
1630
17473
6893
2457
17244
13359
18671
7461
14917
9180
3076
19291
3446
13103
8962
0
1702
10324
20041
13884
1516
9041
6609
6153
10632
13353
9826
0
2993
2313
2153
3453
0
8907
3396
13393
15375
932
4749
1851
2502
15308
4969
1562
16638
7367
1615
4463
12906
4495
2282
0
5795
7336
20442
1886
2013
19580
13224
2502
5718
4358
16436
0
0
16705
9145
21025
13753
5699
1139
13584
11585
19313
13302
13783
6983
23369
0
19333
5470
18704
4013
1296
13345
22229
1623
26590
1043
2522
18025
7818
11085
2346
2363
3923
8396
17005
26009
1408
4849
4491
8105
7556
0
6025
10805
1878
8259
12312
0
7585
800
8985
9489
15532
0
7932
4819
2253
2283
2616
2254
2851
7784
5405
21714
14601
15669
3817
11476
6506
2124
10984
1286
1275
5935
23937
8140
6975
12413
14283
3966
5819
2680
4201
4303
4372
7775
3279
3275
3273
5297
7119
6937
11342
1392
18074
10141
3111
8734
12304
3633
20381
4391
4004
1381
0
4416
10178
2817
0
0
8318
4555
7428
21834
0
10484
8061
0
8216
1743
4647
2140
18765
8158
12542
3236
3288
19427
6375
4614
18623
2342
2331
1762
8220
1478
12521
0
10933
4539
4578
1001
5828
6033
5424
4235
9712
1740
9185
5245
0
10437
2269
8982
3488
19325
7700
0
18122
8330
6540
33421
0
3575
5800
6330
14548
16197
2790
0
9237
11811
8308
21321
4870
6731
19376
9916
17841
19180
14963
16072
8731
10726
14488
3505
3784
8985
0
2721
4456
9539
2228
0
21356
5666
4436
7030
21377
0
4782
2385
2097
931
929
8187
1001
2876
22620
1456
1441
1478
18363
1649
23308
9526
14025
10267
7233
10730
1386
1761
21656
4793
18673
6813
9474
2684
6453
0
6887
0
22199
20597
13528
11671
8142
10473
26219
11977
1708
10898
16910
3140
4712
4693
2568
2485
2189
25557
2869
9863
3156
10580
16296
21289
7893
11874
1420
9006
2287
4441
4017
4375
1060
6890
7440
8499
459
10818
12602
3209
1313
3435
13564
0
0
17895
15269
15744
12564
11047
8613
9333
3278
9919
5336
7231
17689
17355
0
2038
23479
15095
14137
3277
20574
18070
1063
0
9701
16908
30553
2504
5643
8062
923
1092
10677
22850
18479
6959
9576
10518
0
1360
2090
2043
10849
3440
8440
10246
8321
2746
2377
1378
19328
14249
21293
4076
0
2641
3496
10705
2999
6431
5774
17796
2044
16066
0
20844
16501
0
0
15109
2445
13748
17874
16055
13224
2526
8248
16071
7280
10182
1032
1607
7194
24071
16447
5566
3962
14351
14100
931
0
0
12122
4259
0
1356
1432
1413
7308
2836
10217
15639
5546
19529
4551
7756
1424
6815
9865
10033
7968
15713
10017
14732
17298
1853
10908
7141
16383
2140
1714
16003
16409
20152
4597
8841
16330
17566
5575
1498
1473
9662
18119
8761
7950
3213
6242
29963
0
3092
8851
4826
4817
2066
13282
17395
0
10128
8483
4575
5802
20223
6047
4986
2225
2230
13733
0
6381
6083
15703
0
17875
8799
1748
18203
7601
0
10061
14684
16638
6159
10723
3241
26009
0
0
3718
13313
5041
4723
22749
6267
21725
10130
2840
14814
17529
14337
0
1798
14431
6472
1561
10293
973
1926
1878
9631
15574
8111
15703
13027
4775
16837
8783
11819
3067
13500
21244
8542
14522
2438
3559
31730
9760
16616
16819
0
15442
5907
15145
7633
5208
3599
2102
1089
3819
7216
2061
2768
11893
7871
17206
0
4828
6636
2211
0
6879
10772
7722
9577
3631
7751
9903
2215
2297
17494
12338
11757
12964
13667
10335
0
1726
6548
1096
6908
5030
1975
16149
0
817
4951
9168
2992
3109
4056
3797
2439
3410
3307
5850
1524
2565
5638
5694
5675
5687
3021
0
5069
17483
11044
11973
7648
0
7792
10644
1412
26925
3149
7571
7597
6446
1896
9331
13466
11042
22224
4934
5075
2421
14271
7824
2543
1767
17056
4619
11846
6198
25166
19935
2139
1894
24791
4663
11896
22712
11738
2906
2929
2920
2916
969
20100
15991
8649
10839
11946
2819
20289
3750
4467
2272
452
27709
13766
8798
1654
1636
7617
6062
23326
13084
15755
0
24843
21621
8942
14446
12339
19693
742
17166
7110
7109
3870
624
0
3295
13150
8176
5157
0
3010
12993
11737
0
5646
3959
13032
8792
3039
9718
2125
8083
1820
9872
13850
17887
13579
924
6587
16590
13363
6509
0
15103
20770
16164
6645
11213
0
16949
5620
0
0
9522
10869
11811
6684
25412
7777
0
20060
5799
5147
918
7704
7407
0
6428
10336
11306
5364
2115
1356
11594
6657
10811
9198
17436
4896
2348
2330
2174
24797
18641
8488
9477
7673
1377
11940
13140
3592
6457
15358
15078
2900
1578
1992
11985
10126
3252
14013
6452
857
0
13823
3352
17687
10035
6926
18450
8717
18054
3713
9899
7319
2388
2369
1702
21169
1168
16868
14119
6740
3299
1371
8488
16953
10780
10059
1176
0
18438
4551
0
2452
0
7631
13038
16426
3742
5229
2847
9438
6630
15085
8096
0
19495
1849
1890
1845
17197
15793
18356
13138
7693
8117
8132
1042
11776
15440
9178
15661
8330
0
17119
15295
6369
1229
1261
3627
1267
3945
8546
7440
975
964
11434
8036
10076
16210
19355
15870
8140
5152
12008
19121
3704
15112
2375
16375
10450
1318
8558
10672
12031
1922
6734
20120
0
14604
9101
14153
0
11313
7753
0
7137
29644
2509
0
7876
3055
5913
7822
6106
6598
11281
1913
1937
7493
7996
3067
2818
1258
3362
1705
1015
14482
0
3030
6670
779
14974
4341
29370
16192
4438
8451
18649
9870
0
5647
17119
2058
14347
10758
4056
7408
3496
3858
0
3432
15140
0
9953
25007
18657
0
4532
5855
8148
10235
13695
1906
0
9034
7100
9682
16705
4566
7294
18299
3880
2415
14180
3230
0
20070
16870
0
2615
2633
2629
6513
1043
2704
2844
5943
1600
1803
24039
3896
0
12455
0
4708
5651
22183
7885
3839
0
3141
4646
16264
0
15937
3324
1281
2002
18472
0
2530
2530
1627
16131
13385
17948
6549
17784
1417
3594
14396
2345
10051
0
11110
1004
0
7050
13087
5463
3063
8078
0
3255
1509
1597
1560
1510
16868
15925
5869
12184
15513
3768
4117
0
3672
3417
10075
11084
15379
13933
16546
3118
3085
0
8871
10121
18026
11046
12211
27564
8287
3496
18108
1463
15637
2898
5666
0
8563
7088
3173
2875
0
3240
16660
4794
0
4755
6627
5941
0
2954
21314
2956
11064
2019
6347
7389
4997
3650
3684
0
3634
3502
11961
1380
7332
0
17467
2284
7927
685
2060
10265
4314
407
6642
5604
3416
22505
2198
6128
9961
15298
5024
23151
6293
979
0
17887
0
1788
10324
2616
15494
9793
5661
14674
1223
12672
29362
13675
0
19912
6996
9048
0
4000
9124
12391
5924
7769
1813
2128
21705
12945
3316
3468
0
3397
2624
10907
7602
0
15094
14214
5471
9235
1468
6743
0
4898
0
14300
2297
6044
2243
0
11491
966
899
5765
18443
11195
2123
4014
1385
9541
7091
10706
22908
2050
2001
2051
1433
28196
13001
20353
19860
8869
4522
0
12611
4647
20213
10580
8292
15003
16844
12393
10584
1216
3622
11070
6227
3402
3313
1242
1252
1060
1111
1200
784
1648
6166
5391
0
21045
5103
12526
16636
5383
827
3097
5439
3346
10014
3636
12341
7198
11794
18389
11880
16595
0
4034
21670
16200
605
6275
3228
1361
1741
8039
17583
2571
4903
8912
1936
1915
1892
2227
14459
16169
7253
6883
2950
16941
7146
25872
8117
5335
6277
14052
21857
5079
2561
12961
1872
20177
16550
1355
7448
550
1098
16196
9125
0
5710
8336
19123
3231
7314
9193
7910
11524
1736
13144
5305
8307
2762
1083
9317
0
2967
18558
4625
2666
10948
1850
1506
22033
13611
18973
0
14426
18100
11408
6333
2352
20644
4940
12114
6093
8658
5776
9593
3483
7996
0
20145
10334
1211
9210
10871
2326
7022
679
9590
11411
14407
20547
3067
0
5387
1191
3800
1451
5975
1317
1261
4982
9690
2550
12135
0
1541
1650
1689
0
3049
10924
2442
4464
10494
17668
15416
11908
23373
5069
0
0
9452
6970
23536
5634
4728
6167
6373
17010
0
9325
854
8389
9809
3290
1697
13310
5209
13648
0
3124
13336
11308
5616
7487
0
13020
14913
2986
2995
2782
7918
15334
3956
8249
2687
2690
7332
3978
3955
