5958
1447
12313
26632
13148
22163
4777
12981
9638
19803
13972
2567
2550
2558
2427
1145
13435
2007
1964
3133
12776
6253
20530
20729
19173
3293
10810
14419
6897
2657
6070
24262
4843
4212
17859
18253
2176
2611
19045
7978
6957
1693
2793
4021
13536
2431
7428
13050
7149
13464
10588
8729
7674
1772
6376
18664
1314
1221
1282
1383
1338
1372
9915
1558
8427
10189
17553
8431
18472
19065
9615
10697
1291
1698
1864
1873
12334
2515
4457
17802
6845
20027
1309
12241
3412
16038
2809
2775
16272
9972
8028
2442
6605
10478
10158
4758
18857
14529
14661
30948
8958
12899
20934
8698
2706
3388
15091
1244
2699
2936
3885
3314
3189
14592
16686
17058
2783
7646
9334
4442
9888
1825
22651
5501
16353
21488
13949
2906
2864
8562
14277
7196
3176
7057
11474
9756
11663
10484
8810
15249
2955
4116
4698
3469
2504
18639
18581
1899
18988
1990
3760
3735
2092
3771
4999
3718
11226
19164
1550
13545
7886
6078
7120
20774
20959
8229
10772
6053
4116
7591
9287
5948
8052
5834
3489
2074
11120
6385
9490
1508
20165
11790
7336
9269
1137
10381
10203
9614
13730
14169
9103
6011
6241
4352
5508
7417
8567
2185
1922
1859
8617
15124
16166
26870
13395
7712
14789
3180
6223
20335
1679
1702
16959
2631
8608
10936
4713
25536
1884
3824
3277
10740
2946
3767
8877
9546
7596
28844
17408
3110
10330
22684
1699
18168
2666
1315
20222
22496
7382
3111
4442
21986
3079
18692
19091
2145
7827
12242
1231
5990
4858
6246
4592
4481
3575
6780
2353
2352
1960
5140
5249
5186
12004
10042
1381
2065
8648
12820
8898
15598
2755
2756
11769
8613
10360
6646
4822
7486
11628
11392
4996
2420
3708
2656
1357
7445
3880
12713
12664
1077
3741
4264
9742
2363
3449
4796
21772
10763
9897
20880
2102
6056
8903
13816
6123
1025
27281
3526
3996
4760
16565
23912
2153
2080
2098
1394
6112
16381
2682
3990
2710
3848
3872
4917
16823
13082
30120
2157
8133
2589
1566
11728
5005
5775
13371
7896
6688
8628
39285
1605
18687
3368
3018
5962
24278
6122
2870
6031
21052
25813
15114
13520
2854
24872
3643
3635
2803
2730
2634
2609
2567
6162
15556
7839
9079
14772
8069
11291
2234
20220
22506
2394
10847
7180
4661
7515
2987
13260
14077
10294
5186
4872
6145
11050
4695
14766
11555
3755
17778
12576
21864
2920
14616
11315
2592
1332
1610
1589
1598
1885
9382
17182
18066
6705
4629
13728
16907
15600
14684
6800
11831
6553
8357
7788
1920
1808
5930
5856
5831
2671
5051
8278
10540
2887
19416
19492
8014
18695
15693
9953
23136
14651
3141
6339
2301
10490
18977
4996
8313
2607
4243
4351
6243
4394
12822
7448
4016
6943
3525
1964
2020
1819
9914
1960
4789
4772
1706
9995
6500
13978
7248
2782
12158
3749
15418
18525
3290
2957
6948
7206
1893
5157
11039
1516
3964
13082
12115
21795
17813
4545
17256
6273
12021
18889
19264
12582
2782
2933
7415
3783
3722
10793
21085
3649
24162
3302
19731
14823
3696
4930
4111
10989
16085
7838
1986
12130
9835
5821
7121
15025
4971
10412
14641
5694
10989
12290
5867
5442
5357
12884
11841
2458
5964
7212
14467
8810
4879
6504
21725
8776
4384
17897
15637
14067
10464
4719
11083
6489
6348
1098
18175
20588
3319
20286
16356
4653
2777
16878
23971
6929
17159
2204
3208
3224
2511
3614
17994
3184
2992
7670
5719
4916
5470
4023
14088
3562
11603
12128
7313
18583
7497
3252
7938
2177
14557
2022
2835
3806
3331
6011
1592
1609
1264
11712
10773
4665
21422
2353
4144
12509
17945
19164
13725
24967
8208
8903
2938
5326
17892
3308
10585
5525
13452
13766
10914
17222
23352
2237
2562
11469
2102
2395
10582
2189
11383
20024
13008
15427
18597
11895
6078
15803
8608
9503
1174
11119
8370
7004
15316
3398
18983
24912
1397
1717
1845
12341
7010
10111
19862
9173
31964
6562
2549
15390
14781
3080
4558
4397
20056
8147
8197
10853
10457
3555
2198
11364
6461
9849
5001
24647
10265
1275
1255
1241
1160
1273
1231
1229
3051
14296
6754
1922
9951
3652
15181
6747
22198
10463
10619
2874
2121
14312
9036
3614
14091
15657
2110
3903
4786
18606
8431
2031
1362
3847
1814
12656
9477
11593
4136
18034
10757
4767
12377
16932
18865
5868
16839
7480
4329
14491
5124
4952
7292
1484
11943
16170
16617
2051
9905
19655
15370
10381
2783
17631
12606
2311
14649
7393
19094
19247
2461
3618
3252
1148
1206
1077
1196
1211
1213
1186
7877
3486
24373
24429
9761
21894
6224
11324
10004
7560
16066
6800
10241
23992
10827
6526
1832
11334
11069
3667
9085
12513
1811
20109
25003
10083
10426
5632
15013
11256
15588
22657
6223
7904
20301
3523
13648
7832
13628
20759
3296
3332
3569
7001
13743
9852
5512
2498
16282
4861
5366
9599
3055
15098
6450
7734
3652
4461
4230
2552
1498
2920
16237
14839
15591
13223
10283
12150
1914
4139
17572
18145
15158
14633
1774
1738
1746
1610
3454
3713
9091
15751
7063
6931
9570
12807
19166
10325
7015
14973
13343
12253
5285
1681
16355
11597
5738
1887
8682
21503
10641
5439
8022
6010
9968
18682
10466
7607
3368
2120
13787
5665
1959
2051
9069
14628
2657
20136
23133
3711
8743
5087
3448
1804
3758
9576
18429
21075
4346
20170
1905
9339
1751
1776
1730
13157
2546
12914
6300
7105
16215
15846
8128
3476
6824
1593
2792
4870
2412
3447
2058
5748
3569
5478
1351
1316
1568
24936
8641
2922
2742
13979
17131
11532
19445
7683
2370
2259
8268
12944
9056
2153
4213
8685
8569
19659
16210
18981
12134
4350
4512
2428
8515
7230
2385
17284
9237
3699
8790
30501
3395
3791
6967
11039
18262
13103
16376
1717
7902
6815
12925
19146
1878
7580
22083
4132
9146
8013
8457
9845
10455
22133
3247
2560
4009
11480
4108
12565
4371
4562
4572
3292
7094
7029
13952
1762
1156
6969
6954
24376
6608
10242
12592
20552
6205
10742
15441
14966
8900
2883
2885
1944
4256
15864
5158
7111
16068
16762
6269
4138
10466
2544
14197
18840
8842
4161
9845
3931
13874
15868
4836
12561
4691
7226
15230
5667
7993
8297
16779
9536
15367
7534
7743
13490
13608
2555
2501
2681
22855
5957
25605
11904
15930
1729
4597
1331
7779
27696
23911
19967
19472
4998
3337
1821
17513
34898
17035
13677
8560
3326
19263
9767
11823
16969
1785
6072
11145
3923
7940
19980
10955
4947
3107
8659
3401
3395
8830
10938
5256
8373
15302
27924
3147
13262
5257
3077
1532
11267
20140
5390
15606
18219
18343
17687
23562
11840
1434
15589
10297
1739
13323
15204
19794
5012
17078
8692
9268
2088
9790
8222
7678
3577
3125
12410
5794
6527
6332
17445
3817
11139
4388
12944
5994
9358
7966
10566
11454
16877
13600
1504
3520
5558
16350
5104
32119
7177
3368
19887
12588
5259
17381
16417
11391
9897
9069
13075
2828
6095
7335
7796
7416
8321
8259
5390
2730
16975
10421
11875
4363
14314
13304
2283
4706
12225
5639
4454
11853
8110
20630
14120
14639
11444
3667
6209
8312
12628
23018
4527
5947
6210
20016
7094
12267
7629
4909
25712
4534
18999
9227
11773
19057
12223
16033
19230
13920
4670
13919
4211
2154
3663
6605
12786
1858
7710
26278
16786
10010
17378
4487
12561
18418
2891
14835
3064
3340
8141
19903
10991
14041
6247
1947
11768
6653
5865
6190
7692
21624
7646
17504
14555
2489
8123
17182
15026
20900
11224
7447
21220
19409
10542
1191
18891
12872
8495
1450
1379
1456
1433
11597
1384
8800
25728
12337
11233
4640
7648
5536
7201
27198
2278
13224
5733
6331
6187
10204
4145
1114
9142
16295
10913
5284
1598
1476
24819
2307
21609
6630
5185
15949
16390
15547
1724
3559
11696
2735
4344
4134
4640
22485
7308
4445
18225
1149
10193
13059
3389
3542
23194
7919
4664
2913
3001
2951
5348
9812
7269
16403
11787
3516
9593
4200
3366
6001
11950
5170
17679
16498
12232
4863
4650
12751
4056
4332
11292
4408
2198
5485
18856
8442
1817
5928
2311
7748
6125
9111
16974
9721
9324
3044
18594
4626
2344
5600
2542
18838
12961
18694
13067
5981
17511
9335
13419
10068
9024
6783
5956
11564
19339
9999
2599
3321
3635
10195
11251
17552
3047
17764
3790
8314
6650
3778
8061
12711
10265
13885
11826
13740
7191
12209
10118
4701
5901
3615
11233
5880
5949
3831
8359
7411
19940
5462
8149
3093
21013
12957
10298
19656
19369
14476
2253
12869
1226
1199
19260
15077
3538
8917
13640
8819
9808
9341
10283
3099
8335
18040
14533
9615
7665
18084
17025
5869
10224
1561
1492
25963
3676
9460
9879
13967
24391
2578
2578
17616
4084
6393
26317
16292
7350
7828
2687
1543
17972
5660
6478
7172
1884
2018
5160
10531
25047
1971
1793
7897
13845
6248
15789
2650
5598
9385
9308
1520
18629
3275
4063
7540
14897
10426
14136
11813
1124
4557
8253
3425
24271
3081
1822
8886
11708
2771
5810
14865
20563
1351
14831
18320
16229
7951
3371
10420
3885
1475
5533
7583
3740
19494
5382
29301
4490
8879
14785
4366
4315
1473
12573
21358
3836
16918
20050
13873
4885
11676
6548
10693
5811
4897
7764
15860
3731
7177
23820
1860
3289
3750
9480
3460
1124
8957
1983
2017
7306
7304
1096
16140
1887
17541
8335
7929
4440
3530
4856
7271
3709
2010
11029
14088
31013
9580
3762
15996
1499
13117
6199
8851
3018
2145
9557
7520
1677
1662
1080
16680
1723
1263
5931
3647
13595
12323
4264
18440
5549
10009
10199
17612
9291
12338
17370
17886
17063
1993
23429
2456
8682
7124
10293
7129
6488
11977
5432
3511
1808
10209
1047
13609
2034
4087
6722
1234
8808
6902
14921
5143
21859
4445
13127
9788
5426
14205
19586
7829
11956
14783
2992
9544
2337
15511
2222
4935
8959
9579
13885
4475
3379
2972
7275
17258
16935
6007
4755
4237
1281
1863
1964
1971
3618
11896
3807
1293
2012
6653
15489
6299
12543
5185
30459
13719
5118
5406
7813
3005
10733
8373
14601
6250
2153
2697
2691
2686
2557
13717
17658
9119
7751
11030
2420
1980
26322
3492
3989
8589
4211
6989
8548
16366
1532
18796
8787
15347
13104
2583
10895
1008
1836
13935
20101
1101
5718
12955
14036
7358
3012
5725
4902
15661
16530
16649
3995
1490
2204
8833
6689
6209
18780
7568
2878
3416
3228
18869
10545
4023
1580
1581
5952
18911
7292
15169
1952
1084
1102
1542
5774
17321
7624
2386
5801
9883
19588
3946
3962
9483
7795
21152
1673
8709
14764
7313
1532
9296
7896
5364
6374
5136
4727
5141
2033
20163
9179
7225
2144
7536
16625
15993
21997
3379
11091
8469
6367
11736
7164
14802
25946
17193
6012
13179
12561
14389
4101
3595
1717
9723
8115
4267
3301
7769
12444
21200
3226
10578
13727
1596
8184
5038
19871
17932
4060
6208
8577
3856
7437
16678
8410
6721
5515
13280
3815
7256
8331
14122
23215
2133
15793
18002
6666
6279
4837
18050
1498
4349
3458
7956
10363
4495
3493
15217
6721
14620
13446
13641
23160
1747
2544
12561
1406
16221
3934
17897
21740
12352
10006
9108
9686
4035
1910
15245
13867
15310
10025
10976
2571
3047
16914
5680
3196
7638
1930
2832
19286
21707
10570
8457
1880
1672
13567
1661
5204
24908
6494
16498
5523
13224
20370
14672
17244
3851
26474
15854
2747
7142
14465
10961
1353
11485
3352
7183
2616
9334
7918
2390
2214
7300
1479
16907
11832
11553
3140
3279
15663
24447
13091
4293
18553
9548
15548
10980
5519
19579
5497
19492
17682
10741
6339
13438
3303
5132
5396
11300
4130
15175
10651
6590
20632
4951
1485
5159
6842
6781
7675
5958
23548
9020
4747
2075
2034
2038
2079
12272
17159
15830
4547
13315
3493
9644
8952
9041
11518
23136
8537
11531
3778
3621
1538
3037
5375
9920
2671
7081
14546
8009
8772
2652
4245
8704
5138
14586
2923
2528
11292
9614
3374
3715
3711
7948
2397
2425
2407
1040
1313
17575
3739
9419
23415
10258
5851
15022
16965
9570
2549
2307
10430
2041
24687
6053
4979
18241
7567
4880
13579
2004
13075
9889
14603
3561
19149
5746
4875
13178
7557
20158
14908
4400
8140
5289
7863
5919
16539
1633
4792
7472
7287
5551
9890
13808
1320
1344
1314
1273
8739
14869
5547
10034
3547
12373
2838
9532
8426
17141
9752
2730
15577
4170
21629
9280
2974
1992
1552
1221
1651
18979
5872
5669
21842
8734
3402
1187
1201
1215
1186
1132
6422
10166
4825
9951
14464
13645
7098
7139
10669
7118
1903
7824
8292
17400
26402
4058
14306
8494
13752
18157
7159
7923
1738
2278
7940
9837
1229
15979
5431
1019
9988
5156
10808
1876
7101
4684
16280
1690
3100
17606
6163
11024
18974
20942
1987
17674
15940
6302
8889
2324
17451
9529
18997
2965
15916
1666
14985
4152
4263
17324
2061
3044
5153
9771
16512
11452
20755
13400
11087
8942
4292
11553
13394
2582
12589
13890
5567
15792
6174
20159
8594
2778
2809
11261
5984
6933
3731
4380
1483
1760
1773
3038
12860
22528
10749
10311
5868
13701
10725
10013
5286
9919
3908
3915
3394
7377
24626
3065
16209
10168
4609
9438
1614
18961
30920
19687
21096
10244
6095
6863
9359
4468
6634
7494
28715
15409
1568
9775
2173
10028
1946
5740
1633
13326
14511
7395
17542
16589
3038
1418
1427
1437
12618
1514
12405
13580
7930
11675
12694
9440
3626
7245
16873
7840
4430
1649
6086
14119
26696
12902
23030
3786
12307
2776
12357
6507
9823
15654
17483
8825
3657
18131
18153
8095
3535
13883
3394
24736
6384
13055
5513
9959
24258
16638
8397
7632
4926
3954
3146
7591
1841
1854
1835
3410
6369
5228
14893
23672
17402
16628
5074
14152
15836
2120
9194
17753
19546
2020
4522
12705
12916
10954
3736
1309
10887
3599
2526
5431
13279
2881
7635
1151
17312
11652
2848
16711
7458
7146
8962
10098
7840
21932
14531
10986
10998
15346
12393
3084
2667
3076
1830
19439
5562
13929
8880
19220
6723
16590
21650
11651
1840
3886
7484
2085
1768
4582
19542
13203
10784
7856
16402
1840
2153
7371
6728
7579
5688
1925
3275
9455
7113
2636
1347
20160
23134
6181
5109
7703
2008
1977
22689
20176
14489
3274
3906
18787
9497
7783
10829
9534
10428
10549
18849
5234
19791
13386
21170
9224
12875
9163
11259
9328
20158
4619
1063
15817
3876
8935
13582
12074
15306
6903
9508
14648
9554
3177
7550
18022
5649
4096
13450
10384
2050
5758
7823
10857
20753
13858
14081
23404
7599
3106
14905
17735
3543
6883
10654
15932
11112
11870
4649
7845
11297
18376
6153
17865
6197
2982
8379
3661
2918
1318
6852
1997
13381
19949
2313
3850
3079
20285
16615
18333
2619
3196
17439
5246
11865
3478
6128
18658
4621
1857
19999
21773
4326
13486
2845
6198
7176
5225
1884
6005
2959
6046
16612
21759
5909
9129
10998
16529
5793
10362
18140
4877
3353
2126
5782
1065
11694
12608
14096
11505
20511
11677
4828
3774
4591
19632
16760
11667
4931
11862
19943
10671
2379
16996
22271
18077
2892
2864
2933
14202
10548
16156
8387
5349
1373
11377
2851
2232
20026
6508
11926
8935
2791
9369
5991
6395
5052
7571
1636
11601
14927
11978
22224
16635
9987
2824
15785
13899
2761
1283
6517
10588
8976
6926
6033
9283
12481
9777
6822
9387
4024
3994
8321
18069
18544
6486
3138
9643
9149
7306
9301
1382
1356
1378
1383
13380
8625
4730
15771
2294
14911
14604
19536
3895
13001
3892
7667
1196
12308
12178
2550
1528
14904
13257
5276
4450
19269
17979
1874
2615
19898
9068
16396
11214
9210
12095
9021
5123
1986
1985
1925
2174
6414
6297
2204
15518
12033
1970
5862
9978
6644
1398
8277
2559
4188
2451
2462
2451
2438
3328
2751
10697
2951
21530
11028
4437
8271
6470
6844
19257
1000
2053
8363
10003
5371
2906
3233
3215
3202
3000
9336
4866
2980
5726
8122
19795
11675
2814
3692
4438
2546
14288
9530
22291
3248
3548
16768
15296
22324
7058
3989
1401
9326
6094
2819
6110
1824
1412
16641
15072
2300
12478
21050
9934
8354
18087
5127
4682
19364
7823
2869
5019
14050
9913
18904
8852
7305
12143
4730
14871
12327
9301
16006
15076
4716
7223
16512
15052
2799
11408
9619
14603
10480
7659
3517
25536
5371
6092
9713
4890
4773
6503
20781
2300
1877
1878
1881
10226
9548
9984
6096
6833
1027
5287
6001
1919
5957
11519
15781
9163
3061
19119
19231
8553
21230
1192
14985
3212
16362
8867
7260
3801
14540
5308
15580
6497
21127
1597
8955
6496
3009
5992
13347
9113
11361
3866
3093
3298
4227
16193
12525
13055
10297
4072
10927
4737
2565
3825
6331
14554
1066
2360
11814
2008
9695
13712
18200
19458
10521
1766
2198
13059
7415
7036
4521
2129
3362
11214
2690
19035
12727
5957
5150
17986
2226
7924
10612
6476
6758
5419
17663
5074
9204
16732
6711
1140
17794
11342
17524
2426
9262
4029
11015
5229
1647
10120
3118
2401
16639
20467
5394
16336
14508
21341
12255
3456
4537
3556
2554
1935
21115
2160
19575
6674
3938
20625
8674
6240
19837
12683
6759
10213
8373
5973
14411
4285
1084
27221
14603
5592
6458
3430
5074
5587
6604
3070
8925
1924
8595
16746
3768
3204
11307
23658
3204
15086
6795
20105
1234
1619
13833
5166
18284
11343
10644
4784
10031
7634
2670
2645
2485
19296
1112
8442
2251
2614
2596
11904
2957
7197
11805
7712
9507
8083
14140
22174
13544
7112
1610
1553
1598
15856
4975
9538
1500
10897
10837
10527
5942
10744
7463
25441
7441
2153
9947
19184
9487
8251
10810
10459
7799
13868
4090
2739
11447
8072
7972
13597
4480
27844
14492
4443
16695
9580
2967
11943
6346
5303
9189
6797
14272
2002
22396
10561
9687
12453
15425
6635
2859
7212
20200
1988
26665
4294
5515
2012
9639
7642
12070
11007
5390
6629
5717
12195
5046
11018
15178
23843
4259
17505
14050
15127
10277
9752
9292
1731
7224
16032
10160
21307
11395
10509
6907
12110
12090
4684
6430
1161
18386
19123
21267
14959
3765
2164
15150
4081
12500
7315
10830
11105
4140
1568
3124
15800
2700
18931
16004
19110
5564
2368
15216
9950
6544
6885
15908
2992
3201
8070
22209
1238
6033
17258
2774
14799
11052
9653
13855
9877
8184
7242
2192
2270
2261
19467
15097
11688
9757
9626
16318
16464
6048
9535
9366
9166
1433
3728
13066
12977
18093
2484
7471
3667
24831
8049
11694
2041
1999
3805
9126
7833
9367
7583
17391
12257
12217
1179
4478
10752
1373
4012
10619
4671
2972
1214
1430
11437
4301
8842
3857
1525
3590
7195
8978
19490
12988
3579
17941
19210
19182
1254
13354
4967
2807
2678
4887
2035
2417
1102
4801
3883
12750
13906
19265
1902
15789
2179
1775
16858
11809
13682
9049
2652
8503
7336
15963
12752
16771
7109
1487
2658
3608
3359
1468
4621
11175
16495
17234
10923
17667
11862
21006
2481
11111
12019
12520
4811
1411
8215
6801
21060
16973
9998
1293
4289
17409
6487
11387
4402
14672
4499
11108
21774
7649
20737
3707
2348
2337
5269
9854
11100
13866
2918
12000
3184
20130
6466
3628
4460
18665
3202
2026
20543
10754
17109
1421
2515
22246
22395
11731
11802
1386
1511
1498
1419
1510
2561
9731
9255
2355
24808
6852
13111
7186
16382
13482
4076
3926
5745
10587
22182
15764
12043
6950
14799
6674
1327
35985
1029
4246
3327
3493
8737
1330
8346
11458
3020
2999
1873
4731
15353
7592
6465
3729
4239
11513
18991
3327
2025
1968
15242
19174
22468
17174
10251
7772
9995
14282
9660
6627
10595
2414
12034
6080
12823
6900
10703
2927
18692
3834
13260
9786
1696
7962
3975
20109
29609
14926
4399
6332
18250
14319
8908
4634
4008
8717
6244
3364
6465
4008
12759
12155
20851
17392
7073
8643
3635
4373
4446
4869
1853
12073
5671
12403
15577
3706
10592
3916
10289
7673
5833
9673
14393
15291
7615
13792
12516
5620
5341
5374
14998
2760
5009
4992
7001
14042
16014
7728
9491
11781
6286
3714
3791
5981
6823
7565
7820
18440
15628
12820
6657
10747
15529
10806
18660
11955
2541
2532
2445
1075
5387
7008
2676
1708
1689
1716
27003
9617
16526
8312
8408
4384
23162
3343
5402
1144
2334
1114
15380
15674
2408
1075
4094
1076
6919
17276
13455
2630
2517
2543
2297
2366
2284
2113
2473
2461
4398
9350
3565
23612
7441
4665
15268
1525
3365
6268
6312
1941
2092
12655
6368
12277
21379
10149
19508
2749
5517
6816
11045
2283
2446
21755
21136
7048
4217
8508
18953
4740
16670
16348
12656
17122
8174
2009
10581
4399
3676
2433
9874
4472
4255
10066
9596
7890
25586
12837
23302
4995
19598
5630
1100
2984
15952
7159
5908
11195
8427
2612
10361
10768
4929
12300
20098
2549
1986
13603
3308
22729
3470
9166
7923
1870
18324
19376
3534
4788
20681
8380
7805
2257
25638
1174
5927
3711
2758
5075
11695
20897
11213
9488
20165
1439
3977
2875
20844
5154
19559
6845
3368
14544
17672
21820
1945
10761
10518
12291
4682
4816
1006
3479
2619
16184
3602
1714
1372
22436
1462
10651
7743
10041
6648
3281
10170
6448
7004
1349
16689
10500
6221
16578
3137
16253
15720
8956
14229
2629
26636
25966
23818
6602
20919
4025
1946
15148
2929
17837
2465
28060
4405
6235
1261
6740
23168
20987
2082
6249
1254
5779
4835
20492
3942
7160
25458
6005
11282
4883
9180
5769
8870
17312
2863
2818
11284
10729
4266
8377
2233
3626
7282
21241
9493
2433
27569
12335
4377
11432
7059
4484
3262
20673
2433
1353
7004
10335
15891
17313
17550
7479
7819
14674
2642
1813
1769
2775
5948
7676
11774
17871
18657
17235
2603
13054
1053
19960
15383
9152
8310
6023
2950
3923
15708
13717
11014
6746
7428
5356
14330
4585
13361
2289
1367
1346
1353
1332
30705
2742
12214
13615
14077
5590
10961
3242
2982
4125
10927
7849
18370
6693
19344
5607
4865
4496
21551
13472
4914
6398
8454
12527
8875
2686
3428
7232
1337
20968
13300
17248
2095
8595
15897
6556
5015
8083
12316
20068
4766
6517
7893
7898
6161
1361
4083
4678
12428
6180
17914
5114
3789
14526
14756
5047
3551
16890
18904
1617
1376
1379
32553
6931
19273
6716
12265
20534
2335
4734
3926
20410
9097
3723
17193
8165
6134
7883
1284
15286
2974
2525
3858
8119
2535
12263
12715
13802
8289
20818
16208
9671
20226
9227
14653
1614
8628
4811
15080
9249
17345
10656
3868
21405
13461
15147
6115
10205
4919
3234
16993
5169
1294
1898
1161
2964
18924
17180
11770
25309
6937
1070
15114
3121
1921
4136
14387
5958
18971
8779
13296
10113
10631
7933
1659
2923
9356
3024
4792
12954
22848
23134
12314
16749
18492
2014
8315
10571
3201
4403
15025
4091
3483
4873
7259
6211
12627
6060
6299
4879
3356
8939
6893
8941
12206
3243
4589
4114
4880
6356
20073
13842
11851
7167
18185
5549
11517
3595
3146
4418
7137
1790
11665
14716
16991
5305
10300
8954
8933
8318
2817
18065
18523
3131
1721
2368
15107
2211
10160
6279
13039
1747
10663
5865
4384
22918
3667
12219
11051
14896
10394
8402
12710
3304
1849
21612
11402
7127
2426
2376
7301
10554
2856
6957
2965
1769
1760
1745
3527
7690
17505
5809
3819
7040
2589
16038
4606
3794
9631
11529
4259
5865
12786
12429
8541
11976
1832
2096
3897
18850
11401
3309
7149
6883
7596
4990
7525
13230
20924
7883
2546
19056
7994
6698
5228
3923
6235
1069
1051
1070
6417
12972
12458
20025
3388
6307
9101
18388
8031
9661
3689
6716
3109
16665
4966
4856
18710
1688
7560
4219
5468
11767
3708
12821
2621
1544
1510
1570
11484
8440
11855
16276
12253
5327
14353
15742
7743
2014
4868
7554
6298
6208
4130
3418
19544
5353
2616
9102
5490
13925
2970
2604
6870
9350
1924
1992
1403
11206
11710
13458
9396
5472
19374
7223
7292
17663
3516
25101
2086
4427
13711
4127
15998
12416
10386
8775
4414
8576
3783
13466
10777
3122
3123
7232
9826
7887
6000
21707
6427
7676
6927
19228
13064
1370
15628
13760
6280
3640
9510
4854
8274
7909
12491
1063
19278
13922
3469
3831
2400
2218
2300
9303
13608
10161
10652
11486
17709
5869
18538
1983
1976
1259
14956
14170
17158
1417
10202
4928
1187
3400
10082
3909
6877
9316
13029
1874
5667
9132
17931
6637
6537
8368
4241
10102
11878
4486
9332
5470
13994
4445
9158
11823
21161
9780
34859
9995
11638
5503
1570
19797
19089
7718
9930
6864
2439
4902
6788
6348
11732
5497
9421
3555
9923
18082
7583
5409
8506
1849
14954
8891
1650
2608
7744
3868
16256
15842
16145
17724
2083
1500
1662
2700
2062
2129
2035
2130
2068
5435
2414
14806
7217
2680
13907
8168
6316
13124
3163
2258
22061
4094
5626
5869
3444
3422
6230
8235
7172
2282
1367
6884
1948
7758
27265
2808
1198
15053
6233
3538
4801
7165
2571
3549
25643
3253
4708
19516
2433
14711
13969
14019
17682
14818
14014
16510
21665
10808
7109
13186
8794
7382
14015
18684
2623
6886
10476
9732
10336
1052
13498
1363
21238
4423
4112
18521
6745
5112
2963
15270
5804
6053
3598
14560
1445
3409
12032
5625
2618
2215
6834
18669
8639
14487
14418
3109
17006
16850
9734
6297
17765
7660
10843
1985
2779
14056
6309
10066
10882
1226
7185
12784
18672
20217
8526
17410
15410
7661
3255
8366
6155
11543
14893
10415
1933
14248
22120
7469
7476
8896
2909
3218
19291
5015
4488
2510
2513
2223
14929
3976
2712
2701
2216
2281
10509
9506
20325
2823
5654
2168
12800
9531
15481
13273
22629
2613
4096
28788
22438
10027
2202
2243
5642
20837
2940
18394
11353
8273
9490
3943
26967
5464
3780
18510
2292
2288
13885
16398
13120
2649
3717
17189
17195
10920
17330
7694
4552
4764
17618
18140
9620
5569
12158
1916
1400
1460
6364
7255
5638
8991
5692
19615
6302
17863
8530
2735
2632
2754
2714
14035
8196
10587
1264
11473
7478
13198
11400
1630
14317
4429
11807
2084
3704
2888
16602
2694
2723
2688
14590
7035
5008
7606
2229
2234
3588
1743
3580
5488
8359
17950
13020
11676
17706
18546
8355
9179
13932
14078
2443
15943
9583
17338
6976
13998
4048
1262
5049
3396
7199
19714
4987
5184
2725
17114
13025
1165
1111
14378
25196
2973
23573
8223
21285
3203
7916
18877
24914
9320
10888
9760
4498
11906
4978
4499
7114
10223
1267
1446
10826
8120
1414
4953
8920
8321
14446
10683
2015
17887
17128
15675
14352
13870
4531
11368
4081
6746
24864
4827
14001
2355
3396
13375
2585
11903
8958
19126
6839
13028
12370
20249
7595
2750
17657
16731
2071
2081
9281
6218
5368
15650
5629
14650
15574
7156
4410
6527
5721
16348
5089
17017
19476
13386
17155
14409
17622
1982
1021
9133
16395
7002
18196
1189
13695
8122
7203
1448
12175
6307
1229
1162
1205
1026
5818
19506
10811
7051
21248
1123
16922
1409
3046
7548
6263
4200
2897
2779
11660
5010
4359
2220
11965
2003
5930
19568
13227
7994
6007
6834
12117
13217
13461
4124
1631
1681
2232
11162
11025
3777
19331
10060
7627
3392
5004
10208
12519
4641
10050
18182
9843
8520
8529
16815
14094
4137
2767
3456
4735
23931
2979
5971
3043
2530
2991
1646
8869
11801
20293
10976
9778
7685
2784
13409
3919
10892
22573
5548
11438
17818
10435
10375
18445
6194
4111
8906
1556
2080
19451
17128
2873
10529
14985
11091
7076
10677
23720
1853
1854
1839
8568
12510
14794
13392
7297
15075
3843
7785
4605
16550
12420
2598
12988
15649
18589
4518
3602
13772
2146
6580
24598
13690
7993
2343
6377
3023
17021
19071
15127
4542
21046
10923
27035
6489
7903
14884
15337
4953
4835
6274
3289
6836
3351
5323
17476
15495
4969
7346
1273
4340
5349
6092
5552
4225
16052
14072
8966
4092
4806
1700
19990
8143
20271
2979
2992
20414
15719
8559
17193
12946
1799
2430
4304
16008
7481
15225
11528
1846
10963
2116
8828
7967
7967
10341
2232
5872
8532
8120
3646
6917
16461
10388
7600
25870
5259
7186
5615
14623
9489
21018
1932
19224
9986
1158
16116
7866
15377
8507
2349
4375
1776
17508
3460
4665
1364
4282
1237
16065
12965
3343
6409
11283
10224
6824
17678
11703
20747
6088
11089
8690
9747
9947
2120
2385
13545
16413
1341
1368
5987
4456
5006
18657
2941
10508
10836
6744
11679
3004
3026
10136
6272
22796
11054
10173
13923
3899
4665
1330
1281
18235
1455
1443
9546
5666
3388
8210
19018
14471
14251
14332
21028
5441
3298
14119
16276
7004
4952
3651
1872
9913
3721
7378
1109
1879
8965
9998
9160
11930
7373
12546
7291
17512
11022
11735
11739
9650
5774
10227
16831
12780
2743
10328
19640
9926
6066
3502
21129
11791
7833
14282
3879
6136
8342
3449
10473
8379
21303
14128
11591
1188
2104
19303
12922
18953
17105
2852
2801
14181
2829
8827
13383
6774
2347
13214
4355
11115
9598
15090
4102
8926
20190
3433
20288
3642
7577
9969
13389
21966
10798
2750
22130
9118
9580
3285
22560
16576
17476
3391
3230
17771
11993
5804
11885
17591
5085
8788
4038
10504
16048
17553
5782
5862
5884
15054
8688
10367
12982
4780
10317
17658
5730
1856
3745
12374
3430
1695
9246
12853
5262
21301
7547
7493
17171
2118
2788
10659
17157
7830
6000
1763
1449
4980
4643
9315
2834
8498
4239
23211
2882
15002
3491
6163
2311
18449
12343
17076
3564
5146
2869
10576
9953
3043
3863
12295
2131
14526
6044
5695
8330
3751
13612
2187
5865
14084
16474
1043
1223
1238
1779
11295
5361
6312
13557
9058
3447
3757
20683
2869
4208
11738
2604
13530
11276
3216
11298
7399
2668
14274
18498
13714
14001
13331
13006
1355
4344
11641
25699
17958
18844
8502
13838
4084
18494
3091
4570
9485
19881
10950
3177
8985
8753
17610
2443
1604
2121
8222
8813
9064
3627
11181
6568
14965
4608
8679
2628
15765
7731
3598
24066
1197
15379
6491
3692
6653
17556
4992
8828
5034
1232
2356
12092
6568
7366
3960
4934
7692
11506
1376
6817
3020
13835
3203
3079
10590
21418
14157
17904
13972
1369
1310
12514
5575
10161
12569
23830
8519
3691
11180
6740
2601
4706
8419
8346
12654
3042
9447
4988
13428
16516
10124
1639
15534
11845
17930
11693
7462
14935
12100
11481
13642
10806
12622
8271
6053
3721
18844
15760
12889
2403
1450
21005
8013
5925
16234
9155
22977
2360
9828
14765
26901
11067
13314
6622
7758
11944
12471
9580
13158
11249
20106
1223
20599
21675
3127
9008
9535
10064
12633
9991
16301
11869
5595
12891
18003
1594
15308
17879
17249
11153
3414
10542
6827
18695
1749
14479
23507
2199
5263
6356
6589
3583
3432
2186
13460
15909
26098
1183
12398
13712
2226
2244
2260
2178
3347
17277
17277
12966
3477
5637
14060
11316
5230
20644
2172
3258
14282
4986
2504
1242
13719
19279
20951
7169
8106
3337
4039
17627
1938
15405
2886
2379
2673
3755
7629
15541
12212
7728
1042
10270
8756
2518
1537
8719
1684
8669
10244
23066
1668
7665
6529
6753
6024
14429
1022
1374
1257
7782
8376
11421
6184
8531
7238
21475
15616
6577
6387
17452
1651
7977
17477
1661
2387
5274
11670
25289
15963
6865
2781
2754
14009
17814
17834
8878
16298
1987
10342
11511
6578
8028
9482
13159
11949
3802
2358
7165
6734
6979
9605
17495
8902
15687
13084
5036
3458
4094
16102
8705
7192
9436
1630
8410
2728
1560
4962
2174
11947
11281
1458
18916
8987
2654
6959
8277
15478
6856
16873
2079
16299
7887
4406
10362
11773
13220
22218
13757
3015
6086
4695
5479
1580
7440
15202
18812
14399
8275
4213
20223
15418
8775
1466
9551
6238
17892
1407
20189
4730
7096
14984
18964
7148
8153
4036
9682
19644
7738
14289
8511
11761
5906
13389
11082
8577
8986
4341
11156
20131
15576
24991
4244
16424
6074
7046
1415
9572
11175
20187
4833
6315
5613
8833
17726
16331
8288
4869
7924
20237
10202
7812
3845
3401
7193
8698
1090
3074
8389
2564
14206
4787
17466
11204
3088
8685
21889
10846
1985
1451
9652
15140
16821
5246
5709
1511
13876
8520
9692
20201
29260
13583
3278
25504
18027
11592
19751
2893
7756
7467
9879
4573
13447
12796
5318
7156
3832
10253
1865
15489
7093
5487
4779
11556
2528
2261
3447
5066
4980
13149
22294
11141
15568
2242
3693
15965
22915
6297
11148
5384
7845
19308
8146
3656
13945
1875
9266
3433
2402
7696
6106
7343
22773
19506
6158
1754
11698
15288
10045
11286
2297
4027
8828
12313
5037
2350
8083
17913
6283
19038
9773
2263
2870
1891
10020
3365
8335
6183
3047
5112
2800
1486
6892
10422
15843
15873
5391
12168
14330
8523
7071
6310
11722
11126
3514
2430
2403
2432
2421
2062
1075
1989
4846
3986
11525
8076
20817
6460
11458
1633
2579
20281
1833
10618
13571
3338
2328
12376
2996
13957
17070
15749
2533
12037
3547
6085
1339
1323
1304
8297
17507
15289
7760
5236
10064
8993
10698
4558
20513
10210
16685
2249
17678
5841
14927
17379
11187
8535
2724
15217
9462
8954
5912
6109
10994
4602
11234
18075
10148
8890
13535
21229
6936
10131
15347
9976
11398
6755
18181
2090
5661
23430
9898
16939
3960
9484
15715
11169
16255
17608
6990
7175
5156
1499
1810
6456
6456
13464
13291
3358
16450
10255
2261
22291
2665
8090
22287
13184
5050
12096
1278
1325
1354
1315
2255
15752
4322
8016
6738
5424
4937
7357
1439
4462
10916
2944
22834
14014
6246
19074
12875
13824
21054
2126
3482
15289
9116
1921
8655
2947
2207
17646
6880
9332
36277
1883
6930
9181
2308
7137
8728
9064
11316
20341
24541
31685
17108
2627
26693
10699
2848
14551
17097
13845
10330
1954
9661
6680
13127
8373
11499
5954
9435
12498
10232
2406
2360
2264
2396
11002
17956
4373
4001
6075
8991
1710
20766
12073
14336
3844
7614
22461
6206
17194
5327
1538
11388
2876
4293
4166
4854
1995
17648
1131
3644
4194
11126
8774
3780
6974
6199
6737
20256
3288
14819
5107
1138
6652
13830
11090
17570
9009
2408
4691
5321
13036
7552
16679
19395
4659
7159
10423
1618
4459
18988
4453
2272
19679
4103
10062
3717
5451
12163
2628
2671
2656
1991
7249
23212
10335
2369
14026
1244
3951
14950
5726
9895
5036
7387
5347
17027
3278
10739
9321
17169
15378
1095
26145
2918
9118
2824
2806
2797
15250
12041
1612
5317
2192
7254
7375
3034
2746
9136
7819
13087
9111
10579
6344
10425
5029
6775
2065
10786
6289
5825
7912
2286
4371
16754
10134
3912
4693
10321
8134
7401
5254
3598
17216
19833
5585
15901
1670
17362
13466
1011
5194
11219
3941
12168
3549
27436
8130
3387
21657
3408
3200
9103
12370
7190
3548
2325
7953
4449
20347
7444
2532
23981
7103
10587
5111
4036
16389
2530
17032
5465
10387
24040
10671
1302
2304
12480
3345
18727
17725
9300
14949
3047
3867
15502
3177
12837
19629
14148
20358
3771
3668
1281
12283
15629
1757
13327
15648
7549
14610
24941
9985
7682
13378
20123
11604
7213
12878
8859
16572
8802
7422
4422
8827
4820
9242
9186
11058
18012
3247
8567
1080
1390
4762
9473
1746
14325
19763
5282
12120
14067
19584
2353
1846
1848
23175
6561
5458
16456
28059
21661
4959
11773
1972
12930
9287
5633
9228
2512
3234
15895
13001
6997
4135
7704
22464
1459
16272
14820
20024
20418
2004
8848
9807
6773
22061
18959
6859
4554
11925
14156
5367
14872
7812
18079
9696
5359
4561
11837
8076
19152
3077
2270
1411
11620
10522
3216
8188
14842
6374
3014
2661
12181
16366
7053
1560
19043
3093
3121
3095
4051
18299
1752
17911
17591
15202
5515
5486
4415
12934
8803
1673
1552
7809
14451
10033
11737
8538
6710
10831
8417
10977
5263
5802
1097
11151
18158
5113
9535
17190
16627
5236
2642
2136
3804
19208
3543
4880
12867
17256
5832
5333
19204
7552
1910
2522
3326
3005
4344
2426
2431
1584
4639
4965
22395
9802
2359
3961
7360
13818
8381
13669
6868
4253
17935
16630
6388
4163
7467
11062
10400
6160
1154
15546
9133
4431
2796
19010
12757
2567
2958
11576
3669
17908
4818
14239
3465
12465
5119
5751
13972
7504
18908
13147
5002
7040
12241
2178
4774
17312
1125
7940
4544
5924
5434
15534
16996
11139
4023
2193
16134
3316
2806
5919
8498
8756
1006
2346
2326
1884
1468
6944
7985
2626
4493
19451
1546
10705
7162
7866
10629
21540
5743
8127
8961
23638
11169
1600
4495
20860
3707
2151
15474
1242
1340
13591
10377
2280
3356
1789
22018
22305
23829
8305
4750
10808
1466
14399
9480
19049
2876
4608
16494
7906
9526
1049
3190
11412
4615
10022
15499
2907
2504
17996
8103
10957
2034
15617
9573
11699
12556
5298
18569
5133
2391
14888
12556
8209
13467
7471
19023
3853
6800
2257
2285
5392
7318
1564
3122
10775
2556
2662
5531
4704
4719
23583
9452
9799
19327
14086
14364
2109
4591
2696
6152
19278
10302
7616
3201
22601
5248
8955
12386
10403
19555
15979
8287
2744
10026
8985
4467
3571
17653
6450
4517
9762
18414
5220
11132
9114
2938
5901
3451
2150
2158
4986
2782
1321
2009
2122
19289
7506
17157
11436
11525
8403
14284
10583
2035
7132
6285
14277
3859
8611
14154
1093
10508
9989
10183
14476
18856
15802
2249
8345
6574
18084
7687
4123
23810
5287
24001
1766
9848
7940
20828
5305
3326
10984
11905
4560
7950
19953
3092
13247
8796
3635
2418
15495
15165
4706
13628
10427
12371
2750
15558
9275
2005
6821
18140
7666
6874
24804
15447
3480
17338
11905
9260
3186
20531
8846
10971
10550
19381
4167
19314
20002
10791
16576
3203
25677
12429
2290
2051
1509
1515
23061
2716
1583
12733
8634
12937
7870
5069
19962
2428
7870
23533
10974
6529
18769
13624
7092
23891
2050
7897
10507
7654
8231
4043
18372
8460
1629
5172
1015
1121
1095
12218
1300
4598
9024
2356
2336
2359
11222
6869
11168
18579
4615
16919
1786
4814
4281
12481
13710
15112
19803
3414
3406
3433
9134
9940
3415
5794
10218
1197
2077
2064
2070
6899
11912
4952
14881
15193
12925
2131
2161
2474
2481
2251
6300
13694
2492
21201
7707
18051
1705
7879
1242
3576
2846
1791
3917
1953
3227
8918
2157
2129
2139
10613
10339
12291
11096
11344
7370
4020
1969
2127
2587
8141
13577
2319
8537
26233
6188
7740
6748
12465
5735
3369
8277
17724
7866
2520
16025
3784
9748
1456
8796
24321
3488
5030
5020
1262
3288
16805
2972
7930
5891
6268
5668
4143
10385
2503
24166
9784
5255
14307
8717
6677
3050
5907
4971
4489
15579
9676
5282
2361
19841
15051
5589
11653
9539
2793
19545
9792
6535
1446
2088
5904
24376
10654
14761
3751
2027
6983
1434
10139
6667
4206
7698
8699
4685
5305
7280
3979
1220
8177
10098
3982
4008
3494
2687
17857
5974
4589
6786
10578
1448
5746
7764
3984
4043
13275
9555
12083
9541
14101
13331
1963
11478
8964
4931
19590
4240
9993
14886
3019
16296
12466
18456
8620
17550
10101
5070
8369
12093
13615
4945
8712
2591
4361
1456
1415
1391
16821
13874
7077
2452
1548
10020
10062
1716
8580
13649
9500
6934
7845
8388
4147
2554
3412
3977
13553
18090
23809
6371
10262
4991
17665
26454
6875
2494
2784
7577
4504
7645
20885
1415
14256
9872
3373
2609
22856
1304
10038
5606
4672
10213
21016
2073
17908
17043
17407
10705
5030
4747
1269
2354
2363
15125
2788
18937
10282
1383
2986
13576
1241
19180
18158
17340
18407
8089
4484
6763
20463
2343
10702
11827
5206
10529
5884
3617
8487
12468
7464
6390
9804
7982
3077
13078
5767
9439
2244
8041
11610
11253
5130
14323
13280
12663
10931
3721
8922
24579
8703
3717
21659
3765
25511
19155
17684
2984
17744
7101
1433
5562
12794
3345
11736
24896
14642
26391
1342
18093
4026
5127
20218
11990
10124
5833
8449
8662
1980
9761
13869
10950
6010
4305
4299
21678
7019
10212
12956
6105
7924
19763
4882
11514
3472
6263
5239
11718
14711
2061
2091
2106
5177
15533
3541
15221
1904
8313
2083
23167
24370
2628
5824
1130
1766
1775
1279
3367
9686
11399
1579
17012
10757
10099
14469
17342
7582
3263
3696
2437
7421
7633
7831
19134
3669
2235
1664
4261
7911
1330
13943
9713
3681
21301
11307
6199
7641
11728
12577
14758
2143
2452
2149
10790
15322
12073
13287
21813
18980
17667
12437
20496
6668
6789
6344
17964
7265
4046
8152
8339
10274
3951
4453
4117
20984
10407
8345
22174
14466
6109
13057
1399
1371
1357
1370
19649
4161
7399
8311
6772
2959
5279
7644
8385
14720
4230
6035
10678
5500
14123
8675
15479
18349
17332
18654
13947
18577
7795
7046
23588
7182
18276
2751
3239
4948
4239
14979
1821
19286
1196
17351
3625
6507
34090
6307
5585
3810
15042
6903
12473
19689
3332
4831
14866
15550
8789
14984
3233
10438
21313
4451
1200
3254
21449
13332
4053
3503
13437
6672
7264
15436
7688
9209
8474
13657
10280
6608
5023
26232
14291
4928
5021
6418
5599
12911
13863
19412
4738
4275
9956
8446
5663
14570
2857
10981
5902
17392
1912
6766
2863
6939
6254
9342
6524
3917
12499
2340
14356
11841
13280
7967
9149
2338
12208
7196
11769
5289
6889
6837
6288
1976
3897
1650
7789
4433
8930
1335
9507
1187
13233
5120
5382
3765
9745
2857
9046
14340
6064
5444
7308
11769
11115
16603
6359
5555
2868
6339
5988
20280
13006
10556
11147
2847
6754
9289
4063
18665
11675
2010
12637
15238
14063
14254
1557
6027
1076
3087
10910
4137
16453
25792
20736
4732
6075
17238
5225
1452
20355
5588
8085
5575
3389
2635
9006
5824
25254
2303
21655
2472
7106
1941
27058
5395
6854
11717
4898
1209
11136
2679
2630
2829
15140
13743
16232
2716
8493
3738
10684
6558
17998
2242
2274
2276
2264
2248
17746
15260
19818
3602
3254
3972
8010
5733
33648
17515
9099
2880
19609
7690
16895
1645
20559
16747
18226
8297
8278
13548
16692
9911
6105
12147
5954
10179
8540
22178
7982
1818
14431
12056
13543
5337
18374
32573
8331
4200
15355
15243
11106
25472
8622
3182
5377
20061
9738
6173
3398
1138
19472
3005
23176
19846
13301
1279
1198
2948
5408
13677
9366
15622
10202
7689
7228
10332
9615
1989
6632
6184
12553
3462
4979
2252
2294
2294
13364
10720
13763
8413
4340
12284
10030
1752
15066
9749
10669
13778
6902
15467
7266
9640
11484
9592
1268
7924
6143
7143
13691
5920
7624
17088
6270
9629
2618
21121
4741
17942
14166
7544
10063
23852
9254
9085
10796
20785
4576
3484
8121
19349
8827
30136
11844
13538
2790
16690
1582
3586
8949
17653
3604
3374
3719
3846
6027
3898
5167
13442
6709
23540
24374
8685
1458
5716
22326
5291
20703
2258
11330
10180
2530
1024
1525
4918
4410
4423
6604
3143
18573
2591
13213
2255
3915
4577
15947
2213
6434
7818
7770
18636
2216
9870
10281
30557
10285
26844
4344
13247
7882
18390
4360
2782
17646
11338
7033
15871
25772
28952
3653
15694
1564
6431
4628
2857
9669
4385
9906
15014
25802
12349
2276
8348
17224
17075
17388
19524
8210
2978
4885
8162
6964
1153
1355
7588
9290
15390
26545
3923
10752
23477
5245
8126
2973
8026
6061
3752
10027
15131
15410
10414
3029
16607
9930
12734
1769
19775
11036
4117
8555
18975
15095
3300
15197
15160
17909
4962
2699
9959
2089
5729
5152
3609
1742
18171
16489
20765
5729
17777
10940
8575
3274
3469
8503
3839
7011
21617
7714
3103
10291
5772
13595
19794
15099
8507
5549
11280
8385
1681
14959
11079
21557
7536
9087
14245
11202
8610
18459
14912
22355
9705
8257
6283
2500
2456
3808
21306
9664
13286
6790
9108
3167
9453
2957
12287
5699
2324
2772
10635
12875
5146
2768
4744
1218
4552
1924
9457
1061
11516
19121
17733
17142
17098
17169
7005
1584
10720
13755
5624
9587
13302
5175
7734
2689
4261
13146
9023
8861
11409
4918
4401
4406
23746
21471
4833
17115
7393
8992
16512
2263
2392
29415
3118
13538
8390
11096
10336
16185
21594
3244
5248
13448
14761
9823
13724
12492
9473
2570
2592
2547
18941
25740
17429
19667
8562
4196
13389
11889
10288
6386
15581
7220
20438
7413
7326
1086
8088
22445
2767
24528
8810
10864
5541
7355
9921
9939
12455
10656
17549
6547
5000
6096
2265
11963
13211
19368
15211
22645
8858
19534
6436
4017
3228
12147
9977
8012
6400
16557
9168
15931
8714
18999
5026
19300
11477
1709
6754
8600
9076
4143
24633
5857
2849
10591
17555
6296
3387
7504
16201
7861
9890
5982
6035
21425
10221
17542
21804
11560
19815
14046
10254
18631
5089
12892
9147
5673
5047
21421
6723
2594
8363
21382
1129
17233
19802
12465
19812
23602
18217
17704
2384
2906
17801
1904
6297
2908
13908
5684
15166
4073
19151
4896
10741
1579
17897
14569
4264
19010
6039
1426
11641
28297
2460
5559
1361
1470
1467
1359
10206
2592
9895
18125
17426
4279
28354
7559
15532
1605
24455
17920
4188
8173
25917
15963
13412
1945
17311
6778
1550
3119
6976
10321
25745
13024
3847
15616
5300
21141
5976
11321
6902
3060
6144
20814
3116
11996
8123
7105
2031
3573
2144
1854
18700
15845
11719
13367
17106
3063
6810
4777
11764
16282
7395
4746
4789
2834
8171
4059
6632
4163
5862
7185
20766
14828
2649
6796
3924
4038
12271
11999
14568
10019
6113
5909
10880
10052
10069
1339
2912
6475
12773
10606
4507
5099
4150
1186
1165
1164
1191
1132
1167
1154
4330
3443
4225
1202
9408
21727
9851
2091
9571
2455
10425
3021
2996
1469
1515
1384
9004
6030
5043
6027
21848
18944
4229
5705
5685
2081
10113
16918
21256
9373
10050
24724
1172
6024
6396
11698
10279
1211
12175
2095
2132
18081
22305
9208
13111
19161
10980
5753
5748
18596
10008
1771
16819
5301
1537
11303
7688
6342
14107
2341
1737
16931
15740
10629
13564
6754
17393
7697
11052
2575
8016
2389
13828
2952
7364
7285
19445
7038
2338
25387
7537
18452
1578
7076
1174
11129
2366
11486
22635
2125
6514
13341
14037
4613
10722
20401
16151
10343
11898
11474
4516
1415
1318
20699
3933
15018
1501
10343
4855
1130
1688
6538
11003
1831
20616
2327
9503
2123
22050
2321
13352
4713
20801
5751
5345
11715
13098
8503
5599
11409
33225
12378
2752
12131
11090
19304
19700
27166
18950
8384
6426
5465
5480
2942
2998
2958
8518
25362
1066
14360
11678
1617
2787
16682
16554
1872
6521
8218
18418
11475
9412
8557
2829
2773
3353
1751
2574
16531
10889
16840
9449
13336
39776
1706
18781
18780
4874
4850
4856
8417
23122
9084
18784
3038
20243
3588
7091
8648
16199
18095
11114
15140
17982
3448
3456
12104
7832
22204
9705
15795
7680
10192
6321
2434
3628
6821
2894
33863
5862
8942
1718
4995
23760
22459
6385
9204
7083
9979
3596
1867
2602
2527
7352
7372
18789
2668
19447
9803
21816
9601
16484
14295
14779
17519
18889
18479
12785
5185
3188
3733
6657
3723
16809
5566
3610
13847
2989
17519
13939
7370
16856
3005
1419
1548
18104
2002
26075
1801
4017
5059
5983
3407
3786
6958
9941
2768
20407
11158
6368
14068
10889
21978
5146
20715
2979
3084
23460
24628
10682
7233
1453
4149
2223
4499
9789
23021
17824
7693
18305
1647
13983
19486
9274
22910
4422
17904
8339
6399
8911
12046
22100
18917
4434
2896
3919
3925
8916
10131
9271
17649
4241
9541
15200
3411
25790
13834
15571
9850
6691
30467
6236
25006
1613
14964
11698
8160
13184
9936
18473
4203
3185
2574
9489
20631
20326
15303
19284
1818
29633
5231
12662
17353
7022
9844
6603
5966
6368
1949
1961
13762
13672
21632
17679
8218
4275
9924
9744
1781
27952
9021
27081
10009
11587
1130
7216
31738
11913
4543
10947
8303
5474
18969
6282
2642
13211
14715
20690
2920
5500
2096
19610
9476
1304
1342
17991
2584
10192
6312
1531
4676
3459
5525
17858
7745
21969
2695
15839
13992
4550
1189
1222
1157
7380
1493
24129
13375
8638
17285
1800
3794
2514
6243
1253
3397
13253
1871
22003
8046
4053
1533
3342
3402
20244
18037
5628
20743
1961
1062
1002
1061
2748
8774
12368
12921
12260
9588
10102
6471
19953
10456
3807
13601
8497
8705
11340
9540
13787
16302
2943
12004
2414
10224
13261
1844
19180
20604
16050
6598
1938
17603
8521
20191
4502
11149
1442
2336
15915
3485
9906
3412
1726
1617
9137
17657
4988
11250
5192
8029
9243
5094
3587
8950
8933
10236
4038
16227
15788
4955
1648
21152
15521
5795
1997
2015
14261
7121
6683
8794
17002
17425
7895
4989
2221
3172
10324
23132
5123
16147
11273
22854
1255
4930
7481
16448
8393
17805
7368
2809
4489
4499
2826
12577
22545
2182
1462
4004
13007
20304
8416
16221
13294
9457
2459
2469
12168
2365
14441
6927
2116
8418
2431
2592
6051
4068
12775
10079
8157
19011
18608
3829
20596
6981
19705
3325
10796
12532
8856
17454
6135
14985
19926
9409
3343
4912
1765
9701
11652
5828
4878
12176
19988
8690
8620
14649
10334
12413
1969
1733
7909
7985
14504
3631
12881
19520
18293
2490
8449
1233
13991
16753
5426
8459
3009
15441
8557
3286
2894
8355
1726
2866
1659
7499
1273
23878
17847
25174
1802
1915
21996
7040
24961
13647
2908
5643
10348
1902
2035
6165
3905
6299
7799
2415
19391
10678
9898
17197
9166
1833
6572
5124
13477
8816
17691
10209
10987
17184
19721
11278
7738
32376
18017
1118
3650
16279
4158
18964
2254
6387
1583
2887
18980
7570
3537
2180
3541
3514
7470
5809
4820
6665
12001
19714
11267
1875
4129
2214
4446
14215
7153
5703
7932
9779
13771
3299
1371
15371
14879
1004
10521
3948
8729
3309
6266
14761
9427
8634
8489
4170
16043
5395
12865
19293
14364
4184
18466
13073
17182
11048
1444
1463
3793
8622
6681
10404
2659
16053
4680
19460
16922
4545
1259
4638
7479
5532
2852
20598
1656
14466
10946
7597
20303
4327
3660
12577
6938
4812
5550
1372
1374
14717
17045
17116
4184
18271
4981
9065
1887
14005
3142
16637
2657
26494
8880
2620
2363
11643
24768
1861
13361
4905
15504
8121
6930
24427
5055
5206
1200
1121
15849
10361
2447
19224
7427
9152
2554
3996
1740
2283
2922
1035
3945
1368
17960
4175
1579
6894
10508
6475
15106
7841
16115
5476
1299
8262
10742
3212
9491
6720
9664
13663
3529
5076
19127
2801
19079
11501
18789
24424
3360
18750
6474
10976
7003
2491
2442
12262
5198
4092
9408
7897
11912
1708
5029
1304
1029
17941
1544
17080
16789
9109
9897
4473
2988
3277
3621
13722
13006
8391
6387
3892
4500
7364
1725
8394
1487
1820
2048
4091
3232
16835
8292
32925
16268
1038
5607
7887
6194
17137
4631
2366
6143
4239
3599
18532
1592
22654
22497
9247
5837
1694
10745
3187
4982
2865
15404
12336
1053
2462
16453
3779
12078
1057
1615
1601
18060
4963
6053
3078
4662
21157
19645
22402
15553
5421
11719
11033
3239
3203
10046
13266
1263
1460
20044
5556
2660
8270
3631
18851
17936
18709
19262
2220
19533
14822
22530
1174
4079
8858
18362
20424
10593
23222
2796
8535
7447
27457
15829
12864
18190
8334
13823
1467
9749
29176
1833
3554
17971
8838
3670
14074
1846
2726
1512
1923
2606
11899
10010
9418
1416
1285
3565
5483
4795
1477
1605
1628
1619
3452
4984
8973
4150
9271
2517
3934
15181
18618
22426
7167
8349
7133
1689
3148
11481
4278
17102
21667
2470
2513
4887
6194
2117
5113
17672
6890
3489
4193
5672
24260
8940
10445
9638
6180
5248
6397
4569
20281
17392
2707
23145
1642
1072
4646
15070
15892
2351
8367
14344
7190
4752
1457
1470
1217
13178
6519
2425
7050
3278
6698
6417
4010
11072
1365
5856
20056
18976
4333
5171
18129
11945
4550
14288
2792
9428
9114
21646
10272
11575
14288
5038
19143
17070
18561
12566
8195
6867
9831
20494
30125
10329
4101
4178
13674
1111
13770
5384
17322
18965
12434
18317
5993
5470
5685
3505
8376
19721
9524
2473
28150
13097
2177
2440
7364
17259
20942
18354
1492
6753
2743
2885
5967
5331
8118
1257
4368
3170
9517
9839
4047
9334
5765
7346
6220
4094
4520
11585
19366
5681
4112
16510
5610
2578
4954
4991
11122
23912
9533
8637
1338
7619
6418
20348
12972
12991
6742
7300
3896
5382
19221
8074
15206
18145
7685
4366
14531
9934
15209
17283
1430
1257
1547
6600
14808
8127
9369
3773
10768
7008
5479
9257
7575
23031
9618
14194
14683
1685
10156
7580
3641
1284
14715
12046
2479
1654
2641
4853
4660
1331
3532
11128
5395
1471
15982
13200
15972
2719
14464
2994
13856
2056
15570
4907
15486
7966
14407
3695
4449
12370
5253
14730
1860
1858
1864
7284
4888
2188
1300
7675
4065
2294
2164
2078
2077
5508
1862
6338
15961
1063
5032
15990
3941
18719
5927
8135
1962
17201
5421
1597
17469
6873
13327
18655
7448
9179
3030
3092
13096
8926
1673
10297
19602
13203
9029
6089
6031
9404
13332
9811
2991
2312
2121
3413
8897
3262
13350
15369
4666
1834
2109
15247
1531
10513
7330
1573
4443
12813
4457
2264
5744
7273
20410
1855
19497
2487
4353
16400
16667
9144
20966
13688
5680
1127
13583
11522
19309
13262
6972
19184
5452
18689
4009
13160
22217
1597
26567
1025
17919
7810
11080
2292
2350
3905
8362
16991
25980
1405
3385
7799
7550
5983
1862
8258
12297
7534
8947
9452
15494
7900
4795
2823
7721
5338
21378
14588
15638
3816
11460
6505
2100
10640
1281
23877
8112
6949
12344
14281
3933
2672
4143
4270
4369
3272
5256
6936
11341
8255
10095
3106
8728
9716
3592
20370
4381
3997
1328
10177
2791
8313
4515
7386
21819
10451
8042
8173
1725
4617
2124
18712
8156
12514
3230
19396
6361
4613
18580
2335
2330
8079
12520
10893
4510
5827
6032
5396
4221
9665
9149
5189
10415
2182
8967
3383
19304
7648
18035
8302
6518
3557
5739
14539
16132
9176
8260
21205
4857
6729
19365
9915
17675
19107
14944
16062
8697
10722
3484
3783
8967
2720
4455
9511
2171
21179
5482
4415
7029
21325
4781
2031
8183
22568
1440
1455
18356
1584
23113
9507
13970
10255
7225
10684
1758
21611
4757
18547
6760
9427
2683
6267
6886
22198
20545
13504
11661
8124
10472
26082
11973
10893
16909
4690
4674
2550
2172
21210
2831
9854
3073
10553
16264
21275
7855
11695
1404
8945
2271
4425
4015
4371
5803
8478
10211
12600
3165
3409
13457
15268
15717
12526
11033
8594
9310
3215
9882
5331
7181
17565
17315
2004
23468
15078
14019
3254
20553
18030
9669
16901
30486
2465
8055
10662
12820
18431
6915
9251
10511
1352
2068
10754
3439
8424
10216
8295
2333
1247
19318
13841
21230
4052
2581
3490
10691
2972
6389
5682
17751
2018
20729
16425
15056
2444
13712
17665
16054
13223
2430
8243
16056
7272
10046
1026
1565
7169
23941
16446
5505
3913
14335
14092
12080
4250
1427
1411
7282
2817
10210
15627
5545
4529
7700
1389
6814
9779
10012
7954
15635
10007
14688
17240
10863
7133
2087
1679
15989
16042
20092
4574
8819
16311
5551
1485
1458
9661
18065
8719
3207
6231
22293
3084
8827
4825
4811
2045
13262
17322
8114
8352
4541
6019
4982
2208
13730
6304
6054
15618
17872
8769
1735
18193
10041
14660
16602
6080
10704
3228
25954
13265
4570
22722
21710
10121
2816
14790
17528
14321
14403
5943
10203
1901
1870
9607
15549
8101
15696
12532
4773
16823
8761
11800
3066
13492
21233
8535
14512
2385
31649
9726
16491
16756
15405
5887
15047
6958
4958
2082
1068
3713
7159
2036
11821
7840
4782
2057
6875
10760
7708
9548
3595
7719
9866
2203
2213
17487
12322
9908
12876
10296
1709
6508
1053
6852
4999
1968
16126
4925
9144
2937
3080
4000
3705
1848
3300
1491
2505
5633
5683
5674
5061
17434
11006
11950
7628
7700
1388
26850
3028
7326
7559
6430
9198
13465
11016
22138
4920
4974
2408
14262
2369
1740
16893
4582
11819
6191
25082
19844
2082
1782
24752
4655
11881
11721
2921
2915
19730
15973
8635
10838
11928
2797
20275
3749
2225
27675
13765
8785
1628
1633
7608
23315
12989
15736
24811
21558
14426
12308
19684
17117
7097
7099
3862
3286
13082
8158
5093
2980
12959
11411
13026
8791
3002
9030
8082
1806
13835
17868
13400
6511
16346
6508
14973
20724
16138
6227
11200
16929
5609
6025
10691
11786
25374
7709
20059
5748
5098
7406
6423
11252
5345
2094
1343
11578
6631
10786
9190
15908
4251
2268
2151
24796
18590
8475
9466
7634
1350
11853
13119
3557
6423
15348
15051
2899
1560
1981
11960
10096
3236
14001
6451
13815
3301
17685
6918
18402
18023
3675
9709
7289
2364
1689
16834
14036
6700
3245
1367
10770
10055
1096
18420
4501
7622
13009
16411
3706
5206
9419
6600
15030
8095
19488
1838
1885
1838
15743
18297
13097
7679
8091
8127
1019
11757
15431
9144
15628
8224
17069
15281
1225
1251
3593
1191
3928
8530
7414
11369
7908
9937
16168
19314
15844
5138
11988
19120
3686
15063
2366
16350
10428
1313
8457
10648
12016
1903
6699
20081
14600
8426
14064
11272
7711
29629
2466
7861
2998
5893
7815
6089
6570
11248
1933
7465
7973
3006
2789
1246
1688
14460
3001
6669
14921
4287
29346
16135
4431
7327
18608
9860
5623
17085
1960
14314
10711
4038
7388
3471
3857
3408
15087
9933
25003
18625
4519
5777
8133
10171
13694
8953
7066
9646
16672
4324
7250
18296
3804
2402
14098
3187
20065
2601
2628
6423
1598
1790
23935
3840
12406
4583
4718
21037
7871
3785
3096
4611
16251
15886
3301
1262
2000
18465
2518
2508
1606
16101
13356
17904
6547
17766
3592
14316
2326
10019
11045
3418
13085
5462
3032
7963
3216
16846
15789
5830
6078
15499
3759
4062
3665
3399
10062
11077
15360
13918
16517
3117
8842
10079
18012
11030
12202
27526
8261
18100
1428
15538
2881
8484
7077
3127
3236
16639
4715
4668
6544
5908
2915
21235
2953
11000
6324
7366
4976
3655
3581
3491
6498
7324
17433
2223
7916
2059
10228
4248
6599
5572
22486
6125
9946
15271
4935
23121
6240
14323
10290
2586
15493
9790
5660
14629
12597
29166
19903
6988
8841
3913
9123
12359
5912
5612
1746
21656
12941
3311
3467
3377
10845
7452
14213
5463
9108
1460
6599
4896
14231
2240
6012
2220
11482
5724
18442
11193
2101
3988
9427
7047
10603
22898
2033
1961
2048
28149
12920
20291
19814
8868
4502
12605
20193
8269
16836
12352
1205
3621
11066
6057
3353
3222
1243
1164
6149
5376
21030
5091
16578
5354
3089
5318
3310
9900
12302
7136
11731
18307
11879
16582
3989
21657
16199
6250
3207
1276
1710
7956
17372
2543
4794
8905
1901
1902
14396
16149
7245
6878
2920
16913
7068
25787
8112
5314
6251
13908
21825
5056
2518
12919
1853
20170
6049
16195
9117
5655
8278
19116
3191
7279
9059
6736
11448
1708
13143
5288
8260
2719
9238
2886
18528
4490
2367
10932
1771
22025
13591
18968
14405
18091
11376
6327
20618
4929
12096
6085
8639
5775
9548
7991
20124
10294
1203
8548
10852
2315
6857
9331
11315
14355
20452
3050
5375
1153
3778
1382
5967
1250
4973
8932
2520
12101
1509
1661
2942
10906
4463
10471
15279
15395
11768
23334
5057
9378
6919
23464
5543
4726
6048
6331
16985
9309
8360
9769
2955
1690
13306
5156
13633
3100
13309
11224
5588
7486
11406
14901
2967
2994
2775
7694
15293
3939
8230
2678
2662
7279
3959
3918
