5314
1996
4953
15815
2407
13250
4523
5245
2311
3451
8182
16362
2062
7435
12842
1585
3036
1644
1721
11071
7728
1767
3819
1934
3076
8128
5142
10088
4874
4820
7164
1035
8832
1238
6662
2073
4560
13763
5480
2103
1807
26345
2570
2580
3417
3725
7816
1149
2537
25892
6636
1967
1897
6976
1010
3787
2576
1318
3143
1947
2146
7108
1420
1101
14811
2098
1481
1465
4723
2463
7798
1356
11739
1596
1808
1272
1167
3908
13241
6170
2471
1051
3648
3207
1205
1207
1217
1218
2057
1919
1294
3776
4819
4849
1624
2139
3016
3292
1102
1596
1622
1621
4055
8265
7178
4958
13308
3106
2005
2046
2725
1770
2563
3592
1064
11484
13765
13302
1268
7180
8159
8746
4841
1487
6112
4423
3868
1231
1237
1236
1249
1252
1697
1773
2779
1505
6757
13986
1669
18210
5406
5085
3987
4217
5174
11547
2206
2115
1522
3751
3377
3388
3666
2162
1392
4740
8773
2979
14992
1561
19402
4421
1836
7896
2024
6717
6666
1173
2217
1241
2288
1067
1606
8897
2582
2570
1640
1777
1820
1822
1790
7487
3262
7470
2267
2002
3558
5540
16948
12736
3958
8015
1191
1849
8912
2550
2729
1682
4560
5746
20340
10031
5596
10265
1926
1990
2702
2359
14987
15267
5159
4656
6956
1061
13133
1104
1748
2056
2074
15473
2258
3326
2483
16052
18443
1248
1834
1843
1852
13679
1027
6058
1540
14850
11030
2018
1969
3257
5636
15736
2799
3250
2083
2725
3385
1890
3395
3047
19558
11495
3702
1918
9353
2204
2750
1347
14068
7518
7615
2314
1933
1844
1772
3159
3761
7261
1760
8156
2666
11623
5384
2506
2543
3348
8651
1287
1425
7796
11138
12451
7230
10392
10175
1489
4931
3653
19629
3153
28856
1530
2168
11898
10476
3627
1942
2139
5598
8552
4395
2787
3074
14673
4461
19039
2477
10066
2876
4144
9281
1367
1363
1337
3192
6847
11254
6375
7728
8243
13436
1043
5666
2449
10155
9548
5344
10502
5670
4702
1289
10691
11839
10292
5122
15785
16890
1803
2638
3682
3705
3699
12041
2204
6214
12959
1694
11777
1646
3162
4247
3064
13312
11725
16003
1668
1864
2629
3308
1102
3199
2739
2706
1366
1079
3159
1860
1833
10340
10352
3595
2416
11620
2402
2180
2926
2633
6257
4439
2812
6506
2058
3085
1203
1238
1252
1270
2349
15083
4063
19329
13634
3971
15314
1267
26235
3303
12660
10408
16153
2250
19901
6417
3218
1490
1484
10488
12811
8223
2432
2912
7225
1562
3971
7720
13933
2133
12903
1603
12465
2625
3188
1707
1691
2677
8582
2426
2459
1133
16849
4807
11583
15146
8942
8008
7013
1007
21863
2462
2439
1465
7607
8677
8851
14076
16806
2136
6123
10047
14128
15039
6692
1524
1955
10471
4149
1129
7304
3672
2699
1329
1814
16641
4032
18921
1360
1374
1365
10904
4934
2288
1601
8632
17023
12279
1715
20637
2259
1621
3292
10044
1816
5920
3049
1157
2608
1734
5918
1782
2353
2832
1060
1048
1195
1253
1241
6790
2971
2967
6478
2154
10011
1559
9973
5492
2013
2012
1996
2013
1063
9968
3667
2659
8167
1983
1971
1168
3943
6357
4857
15391
3219
2795
1081
2105
6265
3428
8850
8170
6879
5013
2507
5665
1308
8451
20613
6199
13260
11621
7841
17120
7139
6688
23474
2124
2467
11290
2143
2128
1539
1079
2622
12664
1195
1025
2266
1578
2281
1602
20596
6714
3739
7538
2678
5146
20217
4042
8883
21064
19007
6842
1207
6706
1438
4621
2683
11693
1922
15876
1240
1225
1097
1128
1127
1137
1665
1653
3157
15920
7778
2647
2089
1559
7429
3884
6990
1839
4300
3027
14751
8466
7099
1605
1272
1318
14170
17382
3542
14224
6527
1352
2221
2108
1953
1411
1432
1451
1186
1547
1530
1549
11520
6044
3838
1470
5764
2837
2848
20714
3027
15989
13004
11387
6995
5605
2649
2193
15338
3986
9053
1435
5457
5713
15454
3156
4754
2454
3293
11274
4742
18775
2451
1907
15137
4418
2678
4734
5282
2276
7465
9437
2315
2316
17913
1191
1652
2954
3098
1526
15715
3171
7461
1053
5448
1971
1599
5945
4112
13051
4815
5338
3264
3110
3346
10658
7308
1452
7985
20780
5458
11834
4996
11305
7578
19620
5712
3665
3069
8687
1069
1100
1416
1443
1955
1950
2436
1759
1187
1337
1320
1338
1320
16373
2347
5498
10909
1018
2336
9190
6904
1330
18036
6617
4054
2523
2452
5235
13690
1032
1413
14739
16294
19237
9820
3012
1330
14723
15561
13165
10958
3650
6028
2577
1331
2800
2005
15859
5585
4580
6792
6301
4415
14968
2741
3850
7015
2516
7258
5246
1797
1941
3530
1328
3125
4291
1175
18833
12095
1583
2436
2511
16568
4086
11525
17903
8784
5799
13815
11246
2375
3021
2202
5932
2165
28084
17748
11123
1278
18633
4442
2247
2140
2143
2081
2108
4831
2561
7972
23469
1113
1616
17876
3501
2263
2493
9122
3694
3685
19150
6655
10863
2497
9877
17682
1511
14144
5716
10667
9984
8536
1628
1106
1108
1126
1104
2528
2357
2364
1400
2155
2141
13737
10016
26162
16465
7538
8457
13170
2651
13396
1473
2555
2642
22234
3304
1815
1065
3988
4948
3988
4082
3951
1654
1432
12237
3014
12457
2507
1340
1630
2352
2369
10690
3022
4185
5022
2329
3205
3292
12753
2418
4396
17815
11802
2632
3908
3026
14344
7338
2098
2099
3937
8484
1776
3605
6548
1309
18682
2432
2212
2246
8071
4542
2122
4217
2708
4138
2831
4582
2355
8599
3193
10845
2820
3335
17178
8688
4228
1975
1963
5775
1550
6617
3239
5257
2448
2499
2510
1206
1206
1193
1199
1206
1176
1204
2270
2783
2718
4854
3634
1536
22268
6676
1984
4195
1228
1242
8817
3818
10383
4897
10986
2321
1652
11205
2607
14434
18831
1723
6933
11680
21571
17612
3011
8246
4134
1455
2715
13797
22082
9012
11096
1441
17684
6819
1923
1872
1871
30366
2501
15650
3822
2407
6104
16420
5730
3794
7888
5173
18494
13072
19425
4477
10545
8153
11726
11755
1671
1798
11470
2423
1695
16948
2986
14298
1262
4069
2150
2066
2025
1620
1118
1465
1035
1560
7224
7117
2636
1557
1609
1180
16921
2167
1710
9759
1346
1557
4206
7843
19454
2078
15900
1096
10698
4599
1779
2568
3391
6080
2589
2454
4296
3727
3294
3145
1716
6347
9003
14832
2175
8591
19557
6874
14100
1092
1158
16649
2119
2103
3291
4971
3204
1231
1189
1212
1201
1169
8344
3007
1630
5629
3348
18156
6027
1093
3047
1268
5114
15749
4760
16438
1120
1435
3977
13388
2048
1154
3396
3091
3161
1586
12707
4012
26605
2398
2364
9524
9882
1717
4940
4885
4868
4890
4821
4724
3453
2421
3473
1117
1077
11349
4752
11432
3548
1979
1517
1014
11911
9949
3516
6390
16165
1082
1358
1364
3237
4643
2760
6806
12307
16622
1106
1112
4885
1684
1712
3016
2106
2207
1103
23061
4413
3607
1863
9554
13249
4480
2205
2350
1633
1177
2681
1073
7109
1475
1383
4018
3598
21644
5536
19710
4519
2581
13344
2335
1965
2525
11584
6234
7984
8629
18024
3260
6144
15381
5578
4688
1722
1311
1203
1836
5742
8220
7580
3465
3819
1241
2482
1885
18676
6413
2457
17244
14917
19291
1516
4969
2013
13224
5718
13783
23369
1296
2522
4849
10805
2253
2283
2616
2254
1275
5935
5819
7775
3279
3275
7119
1392
4416
3288
1762
1478
4578
1740
33421
6330
2790
8308
14488
2385
2876
1456
1386
3140
2485
1060
7440
1313
17895
1063
5643
1092
2043
2746
16066
1356
19529
1853
16383
17566
7950
5802
20223
2225
7601
3718
5041
6267
1798
1561
3559
3599
2768
17206
6636
13667
3410
5850
5687
3021
10644
1896
7824
22712
2906
2920
4467
6062
8942
5646
3959
2125
9872
13363
6684
7704
10336
2330
10035
8717
2388
21169
1168
8488
16953
2452
2847
17197
6369
8140
7137
1913
3362
1015
1906
16870
2629
1043
2704
2844
5943
1417
1509
1597
1560
1510
3085
3496
5666
2875
2019
3650
1380
3416
2198
1788
1223
13675
2128
2624
15094
1385
1433
4647
10580
15003
10584
1242
1111
1648
12526
3636
1892
2227
16550
1355
1083
1506
2352
3483
1317
1650
2442
