1
1
9
4
13
1
1
1
3
6
33
8
22
65
1
10
6
9
79
1
16
1
1
1
27
1
59
7
4
1
9
1
21
71
15
49
17
176
1
1
26
14
8
39
26
8
43
11
26
35
28
1
1
52
1
7
23
28
5
1
9
15
13
1
11
54
11
38
11
97
9
7
20
1
28
57
18
1
1
1
18
10
2
1
18
1
1
52
1
20
1
12
1
1
44
16
9
10
12
11
15
8
5581
15
8
72
24
16
5
24
1
1
1
10
16
8
8
1
4
2
49
19
18
1
1
23
1
24
22
64
56
1
15
28
1
1
40
30
1
57
1
51
22
178
4
1
10
16
1
34
1
5
6
14
11
1
16
26
1
1
5
1
1
1
16
17
1
31
26
11
18
4
24
119
11
11
75
1
1
1
3
4
30
59
1
2
1
1
29
26
11
5
22
1016
26
1
10
15
7
1
32
9
1
64
79
14
1
1
15
15
31
19
31
39
3
8
195
1
1
1
3
41
1
7
16
17
7
7
1
21
1
146
17
1
11
26
1
1
40
27
2
59
6
1
28
9
14
23
5
34
90
1
17
1
5
1
32
8
12
5
1
1
12
1
7
22
9
91
19
20
25
9693
1
1
3
8
1
16
12
24
16
221
124
33
17
27
1
75
10
15
54
23
44
1
17
5876
13
13
60
1
38
4
8
21
42
7
1
20
5
7
15
63
23
39
22
1
216
74
21
26
4
1
24
1
12
8
1
18
15
22
193
27
33
1
1
12
23
1
5
16
38
5
63
1
11
1
28
17
199
1
5
12
21
23
7
48
1
1
4
9
16
125
1
16
13
5
32
15
83
22
17
22
12
1
1
56
1
19
10
5
33
1
1
1
1
10
37
2
8
42
4
29
13
1
23
1
1
26
19
4812
1
12
5
8
7
7
47
20
12
1
68
14
31
49
37
20
1
11
1
1
1
18
20
1
1
5
1
1
1
12
79
1
11
3
13
1
226
1
1
1
4
19
1
4
22
56
7
1
75
39
1
16
1
14
14
32
6
1
27
3
4
12
9
15
51
14
30
61
1
13
1
1
3
5
9
1
1
5
10
14
275
1
1
15
1
70
39
26
1
17
33
25
18
1
18
1
20
41
2
1
20
20
28
22
111
1874
1
4
39
6871
52
68
8
38
40
8
8
19
3
10
14
3
7
4
20
1
1
28
5
1
1
37
1
9
55
2
16
1
47
8
51
10477
37
1
602
1
14
2
9
7
1
7
47
1
291
20
21
759
8
6
34
1
1
8
16
55
1
3
17
1
25
3
12
5
1
1
16
3
1
15
5
10421
1
1
1
31
36
1
22
8
2
6
17
4
1
38
49
1
20
5
7
10
1
1
4
16
11
8
1
21
23
21
35
1
11
3
19
14
9
19
109
12
1
12
31
27
15
9
18
21
18
14
4
1
49
1
36
1
1
18
18
1
6
1
26
1
7
13
38
7
67
12
8
15
1
1
1
13
24
11
1
28
17
9
1
6
13
36
175
1
35
1
1
22
1
4
15
2
1
838
8
11
34
15
16
1
19
26
24
10
43
23
1
21
107
41
27
1
4643
30
95
1
89
1
1
17
3
7
1
1
19
28
7
40
1
8
1
4
9
1
5
23
60
1
12
1
37
24
3
1
24
51
37
4
1
87
1
7
47
7
5
19
71
7
21
1
28
8
1
1
49
1
9
13
20
31
3
1398
26
85
1
1
16
21
20
18
1
33
1
64
1
8
23
9
105
1
1
7
5
19
2
6
33
57
43
6
16
25
1
9
8
1
5
1
2
1
31
18
24
33
9
1
7
1
17
39
20
61
18
18
10
1
13
22
256
1
5
4
1
25
13
29
40
17
1
49
7
20
16
22
14
1
14
1
1
1
20
5
27
22
2
29
1
18
38
1
26
5
9
1
9
1
1
1
1090
1
10
53
8
87
6
1
29
13
18
153
16
1
15
1
6
9
1
1
1
7
4
18
56
1
1
40
1
20
50
1
47
18
31
27
101
1
1
1
1
1
1
85
16
7
30
37
23
22
7
74
1
23
10
12
14
1
16
20
15
8
15
70
7
1
71
1
38
37
7
29
36
1
17
14
81
18
1
1
9
1
1
38
21
20
15
17
4
1
38
20
1
22
263
15
22
1
23
6
9
1
49
34
13
50
1
13
4
65
1
3
2
12
70
1
24
1
11
1
1
65
67
19
41
2
1
23
1
30
11
11
1
40
1
27
44
3
4
1
32
1
12
18
29
5
13
4
1
17
45
2660
19
1
4
35
1
1
1
22
32
1
30
76
1895
51
1
4
10
1
7
17
29
27
111
3677
63
1
32
1
1
43
18
32
18
32
15
25
17
20
287
146
1999
1
8
4
53
29
7
15
28
4
1
16
1
15
442
42
13
13
14
6
3
9
4
59
25
1
20
1
16
1
1
1
6
94
94
1
15
16
23
13
1
34
6
10
22
1
28
1
1
1
1
3
17
1
28
65
15
75
7
74
33
1
28
16
53
1
1
427
35
2
12
2
488
5
23
8
8
6
2
3
1
12
1
5
13
1
1
1
23
103
20
1
15
26
85
1
27
6
50
5
16
1
1
27
14
1
9
1065
718
12
13
7
30
26
1
1
41
13
6
64
6
6
59
13
25
20
9
1
1
45
7
11
1
12
81
922
5
11
1
1
11
1
1
1
1
9
2236
6
1
39
5
1
61
1
22
1
11
26
1
4
63
10
10
1
22
660
18
1
1
10
2
19
41
26
1
14
1
1
8
19
22
5
12
1
28
17
23
13
27
27
47
15
1
4
1
57
21
15
21
28
1628
9
2
9
17
1
3
17
74
1
6
109
16
5
6
15
10
2
66
66
5
12
6
16
3
11
1
22
24
25
1
1051
26
3
15
31
15
16
5
17
6
15
23
20
7
11
44
10
6
22
7
8
1
12
1
13
22
9
16
20
28
15
26
57
11
22
7
1
14
3
10
20
16
22
26
15
1
1
19
15
57
1
1
1
1
18
19
7
44
7
4
3
14
23
13
9
141
1
20
10
236
1
1
1
1
1
1
8
21
10
61
34
16
14
31
11
5
1
20
1
1
35
28
24
1
1
24
1
1
1
1
147
25
18
12
5
33
4
30
1
1
13
52
1
1
15
5
1
4
1
2
11
30
42
1
6
16
19
1
40
8
17
1
14
1
23
6
500
25
1
37
910
29
6
48
677
5
1
204
1
3
42
4
1
11
1
5
157
826
22
7
18
6
29
3
20
15
16
1
6
15
23
60
30
36
20
1
169
5
1
404
12
1
20
1
23
13
30
1
1
10
11
1
15
1
5
2825
1
8
42
32
1
1
1
9
8
4
13
7
1
1
65
14
29
1
199
40
344
1
3
5
1
28
1
54
13
206
1
1
7
13
23
2
1
11
38
113
102
23
6
1
1
30
10
32
13
24
3
1
19
41
36
1
15
30
10
1
51
16
18
22
3
8
7
1
5
1
20
35
1
67
110
1
1
1
1
21
1
7
7
4
3
19
1
17
1
4
4
50
1
1
7
23
50
49
92
68
17
1
59
1
21
24
3
15
7
12
1
4
19
1
1
2
2
26
4
8
455
24
12
12
9
11
21
1
6
6
25
34
34
11
21
1
3
18
1
1
1
28
14
67
13
10235
12
146
23
6
1
1
8
246
1
13
58
1
14
2
1
741
3
1
15
1
7
8
78
49
15
3
9
26
5
7
19
88
1
6
9
31
1
17
1
8
1
100
46
2117
4
23
34
10
30
1
1
2
21
15
20
1
22
1
47
12
1
18
12
14
23
1
1
1
18
1
28
1
1
479
1
17
19
1
1
8
122
2
20
1
1
477
52
7
1
1
6
25
16
37
1
6
1
22
21
48
8
1
1
3
13
22
12
29
15
1
13
1
1
9
24
1
1
2
28
29
48
24
31
1
18
6
1562
1
4
1
8
20
642
26
1
2
10
28
50
59
2
1
4
1
9
1
10
1
48
4
14
1
288
1
35
14
1
2
83
149
21
18
31
900
11
15
5
8
16
1
38
19
28
3
1
6
1
12
1
4
1
1
15
37
11
1
13
1
1
1
13
3
25
18
13
1
34
13
17
27
84
11
17
8
18
16
36
10
4
16
19
6
1
21
2
1
1
14
2858
9
1
53
3
34
1
40
9
1
1888
17
15
6
259
10
17
22
14
1
5
1
17
1
10
31
19
5
16
172
14
1
1287
20
11
55
12
12
10
1
1
1
48
17
1
12
17
5
26
12
16
22
1
1
1
24
50
1
12
17
1
42
1
14
3
1
11
28
1
1
10
2
22
19
6
1
38
28
518
16
1
86
45
1
12
15
18
73
27
1
28
36
17
1
18
1
1
10
24
2624
12
1
10348
1
5
1
28
120
8
13
1
12
1
1
34
1
42
50
12
9
19
32
10
8
8
42
6
11
153
54
12
7
1
1
1
1
1
15
8
14
5
33
6
23
1
15
9
1750
91
3
1
1
15
3
82
18
9608
13
14
66
1
24
4
1
20
1
39
31
30
6
20
35
16
1
1
22
17
32
7
44
12
4
39
1
3
16
16
6
73
15
6
16
6
1
7
15
23
1
18
29
25
28
20
1
1
1
9
10
1
9
47
470
1889
21
7
22
1
1
9
30
18
12
17
182
14
1
36
189
44
6
26
11
1
1
61
20
16
150
1
4681
1
107
21
38
1
7
6
1
454
48
11
39
17
1
1
8
5
17
1
62
1
4
1
27
1
11
9
18
70
13
2
27
6
27
19
7
34
13
35
12
14
20
72
415
1
12
22
11
15
24
1
1
36
23
15
31
59
1
28
26
14
14
4
18
1
28
32
13
59
15
1
13
142
7
8
14
14
4
17
24
1
1
740
1
19
18
1
17
1
19
1
1
16
1
6
47
5
12
11
1
5
5
1
52
8
28
1
6
50
68
1
1
13
1
17
22
11
11
1
36
16
3
14
1
1
19
34
41
1
1
14
1
4
8
44
1
11
3
1
7
19
1
1
14
7
1
8
19
8
1
1
13
23
30
1
11
9
1
23
101
6
1
4
1
17
1
1
1
11
3
409
14
1
4
16
5
36
1326
2
14
8
1
21
24
1
16
2
4
5
3
1
1
24
79
91
2
5
19
7
18
21
1
9
1
1
39
9
14
23
52
13
4
10
1
46
1
1
9
2
1
32
8
1
7
1
7
13
1
1
13
14
19
10
10
33
19
1
14
1
1
6
2
14
1
9
20
1
21
17
454
114
32
28
1
1
25
3
6
27
1
25
1
5
13
4
18
8
36
4
55
3
1
21
24
4
7
1
80
1
16
21
44
5
1
1
78
11
21
30
4
14
26
80
57
33
1
1
1440
1
8
1
39
189
26
24
98
8
5
72
9
7
1
13
14
251
1
1
18
9
35
13
5
1
13
13
1
20
1
1
11
1
43
6
1
14
25
27
69
12
5
17
6
4
1
5
9
10
33
1
52
3
1
1
3
18
20
12
19
5
20
42
1
14
7
7
2
12
1
1
1
4
25
18
16
1
7
16
1
4
1
47
12
1
1
12
13
1
2091
4
12
2
8
33
11
1
1
22
1
16
7
7
8
1
1
7
1
3626
35
19
18
15
24
12
29
1
1
18
37
41
43
46
20
1
17
18
1
1
24
29
1
1
4
1
1
1
1
20
12
1
40
23
30
57
1
1
20
131
1
39
5
2
47
14
1
1
30
4
16
24
1
1
7
1
12
21
1
23
4
1
13
1
22
1
9
6
1
1
13
1
31
6
1
16
67
11
21
18
15
13
1
33
1
1
1
75
23
66
18
1
28
21
17
7
34
14
21
84
4
4
8
5
1
15
29
1
1
37
25
5
48
10
6
14
6
19
30
1
1
73
1
1
1
27
2
26
13
5
11
1
40
2
126
10
6
27
1
1
1
24
26
1
1
10
31
30
23
1
2
6
108
9
10
1
4
1
24
3
11
18
35
3
53
1
1
1
22
15
12
1
33
3
37
1
20
57
1
8
3
25
42
8
39
1
1
22
24
8
20
27
1
1
6
17
24
87
2
4
10
10
632
47
1
9
1
19
5
1
56
1
4
8
1
11
1
1
1
1
13
1
7
1
1
43
28
1
19
3
95
7
20
16
21
17
1
20
12
12
1
35
129
17
1
1
134
12
20
1
52
1
11
16
1
10
5
8
46
5
10
1
1
24
9
42
26
1
25
13
18
1
4063
1
10
22
44
14
1
12
13
4
7
3
1
251
1
22
14
7
1
1
7
1
72
1
1
1
10
2
14
1
20
23
17
42
9
59
4
2
199
22
10
8
7
11
1
17
1
8
1
21
12
1
48
12
40
5
3
43
1
1
11
1
2
83
20
1
1
1
1
4
1
157
9
2
11
3
23
13
1
22
20
10
24
37
1
1
1
1
44
1
1
17
139
3
1
14
14
1
1
10
19
18
10
1
18
1
22
18
11
30
68
26
16
1
33
23
1
1
1
23
1
43
23
3
103
41
183
1
6
12
1
23
19
20
1
1
8
1
1
19
1
28
4
14
2
9
40
34
6
2
1
3
22
9
1
12
15
56
5
1
15
21
5
21
1
1
6
1
63
32
2
1
7
11
8
39
17
1
3201
1
21
1
3509
70
1
12
4
18
1
3
27
16
29
16
34
1
19
1
1
1
53
1
25
1
1
1
22
18
3
1
5
27
13
21
18
17
1
8
4
6
1
5140
363
13
15
6
1
5
10
8
1
15
95
30
12
59
1
1
7
15
13
16
7
1
1
1
118
1
5
1
9928
1
7
1
13
7
26
22
25
13
1
1
5
7
17
1
1
1
7
1
41
17
300
12
6
3
9
32
1
14
10
73
24
4
1
1
10
1
3
12
84
25
2
19
29
27
15
6
24
17
4
1
64
1
1
15
1
254
1
5
14
14
14
1
1
19
1
74
1
1
13
1
7
27
35
1
19
23
1
11
3
1
8
18
36
11
21
15
1
1
15
10
23
7
1
10
1
33
1
43
7
2
21
45
6
28
1
137
109
1
1
1
1
1
13
24
21
33
20
8
1
1
1
1
12
49
1
29
15
78
1134
15
1
1
21
13
68
1
10
52
8
17
1
28
1
6
5
38
1
1
1
1
15
1
25
65
1
1
2156
25
3
8
10
55
1
24
1
1
11
13
4
12
2
18
9
24
1
42
9
13
5
15
4
12
1
22
16
5
27
1
1
16
12
7
1
11
12
17
1
6
1
1
21
11
21
1
1
11
81
29
1
10
202
1
1
77
23
1
2
1519
11
45
1
27
10
1
1
9
1
6
1
1
3
1
35
9
1
1
25
23
60
16
1
12
1
9
1
8
18
37
11
24
5
25
1
1
9
23
6
21
4
23
17
9
2
5
12
43
7
1
1
3212
8
32
23
1
6
1
1
13
14
10
12
10
45
1
1
14
21
1
8
15
1
4
16
1
1
15
2
4
1
13
413
70
9
49
3
4
18
8
1
17
1
10
3
7
24
11
13
25
1
18
46
2
12
7
35
17
7
24
17
67
12
13
19
12
3394
24
3
16
37
34
1
10
1
12
16
7
6
14
2140
1
1
37
1
19
38
213
1
32
17
11
48
26
16
17
13
93
8
1
6
7
30
23
1
26
8
1
3
6
13
1
2
1
1
1
1
9
11
1
44
51
1
29
8
17
23
4
9
67
595
354
21
1
20
2
51
1374
13
43
37
23
1
1
10
18
8
5
9
1
30
11
1
1
1
23
37
22
14
151
1
1
10
29
21
15
1
5
1
1
13
27
1
1
14
30
4
2
9
2
49
14
49
2
42
20
15
42
1
1
1
1
294
1
1
1
13
1
1
5
4
11
3
17
1
17
1
19
1
1
21
34
68
2526
15
19
50
126
13
140
1
19
2
5
36
1
8
19
1
1
6
1
1
11
12
22
1
24
4
50
1
30
6
21
1
19
7
5
19
1
1
8
1
1
38
2
7
8
7
55
1
1
1482
1
34
1
15
22
1
1
3
7
1
24
1
2
1
11
5
26
4
18
4
49
115
1
3
6
187
28
1
22
19
3
13
2
17
7
16
6
1
23
30
20
11
10
5
14
7
2
14
1
1
1
4
19
875
1
73
34
27
24
1
1233
18
2
45
46
4
19
22
12
1
51
16
1
1
36
15
3
40
28
1
14
65
92
14
1
11
1
1
11
1
6
19
13
9
16
28
4
9
26
1
4
1
13
1
10
10
28
14
21
14
60
13
110
13
40
1
1
1
1
7
1
1
12
8
670
1
35
16
17
1
1
12
1
20
1
10
18
15
39
25
19
25
20
25
8
77
1
56
1
59
13
3
61
18
1
4
1
1
1071
25
1
2
17
1
1
83
1
32
2772
22
8
1
1
1
17
1
26
25
9
18
34
32
1
49
10
1
26
1
14
15
18
1
24
3
1
6
3
50
4328
9
15
23
21
1
179
44
8
1
77
1
1
23
40
1
1
1
1
4
38
1
10
18
54
11
1
13
17
1
9
10
1
19
13
1
18
7
1
12
20
1
27
1
13
49
22
50
4257
8
11
1
14
320
20
1
7
1
58
2452
41
1
27
10
1
15
89
1
36
22
8
10
1
18
11
14
6
14
17
13
1
31
16
1
52
4
3
22
20
13
32
1
30
1
1
28
15
2
22
26
11
29
5
2
14
1
1
40
20
5
18
21
24
21
1
16
18
26
1
1
137
24
1
11
15
1
11
20
68
14
26
4
49
28
15
21
1
38
22
4
84
13
1
19
1
16
1
20
1
47
29
103
36
12
9
1
25
33
30
1
24
64
14
8
13
22
23
3
18
13
39
3
40
13
8
1
27
28
71
1
22
21
1
12
1
41
19
13
34
22
16
27
1
98
1
66
6
86
24
1
9
17
13
1
1
3
9
8
23
17
220
19
33
28
1
2
1
12
1
1
18
9
18
13
1
11
13
38
13
27
9
6
1
25
11
46
44
6
88
1
1
1
7
22
1
44
14
13
28
3
1
6
17
10
13
10
1
9
2
34
1
1
1
16
2
1
25
1
6
1
1
1
1
20
19
1
1
15
44
38
23
119
43
1
10
1
38
12
1
12
19
11
1
12
62
51
15
47
1
11
1
11
8
10
1
1
1
8
30
20
20
56
1
22
5
2
3
3
11
1
12
1
7
13
12
11
12
3
2
7
1
29
12
14
7
2
5
26
1
1
26
22
9
1
54
1
2
1
1
23
32
943
15
1643
132
15
9
1
8
21
15
1
1
13
20
26
28
79
10
6
22
37
4
1
14
3
22
50
50
1
30
1
18
11
20
1
16
1
14
1
1
23
18
18
1
39
1334
16
20
3
1
17
18
11
19
9
164
28
26
8
18
31
1
1
15
26
17
1
14
59
17
18
47
19
97
4
38
1
127
16
1
49
59
1
14
1
13
7
34
3
145
4
11
10
15
9
34
1
4
14
22
33
7
1
41
1
8
25
30
1
11
16
30
6
18
23
66
19
10
11
6
1
13
70
7
1
12
1
1
1
11
11
9
8
37
19
6
1
9
41
1
18
4
234
16
32
24
80
6
1
2538
1
19
2
122
1
14
1
10
7
49
6
4
3
14
14
14
13
14
20
8
1
1
13
1
24
55
1
1
12
17
17
56
19
26
1
11
21
19
22
1
69
7
13
27
137
7
39
7
10
112
19
1
621
35
20
1
15
1
14
1
2
1
26
45
8
12
17
5
100
1
91
1
8
5
1
53
13
1
21
1
14
65
62
1
1
9
26
1306
1
21
37
11
12
1
62
23
11
12
1
6
1
4812
1
1
1
38
1
2
16
1
1
9
4
15
73
163
24
1
1
1
1
15
10
1
56
1
1
15
20
1
11
1
24
11
35
1
1
1
1
47
87
14
1
25
3
1
1
26
14
16
1
7
11
18
1
1
1
14
6
65
11
12
1
1
65
3
1
17
491
15
22
17
246
10
15
7
20
1
44
196
11
1
1
10
7
5
544
1
22
1
7
14
18
1
37
14
23
1
1
59
19
39
1
15
51
25
1
1
1
16
12
1
9
16
1
8
38
6
18
134
1
1
1
1
13
1
20
1
11
1
1
8
17
68
7
1
1
2
1
1
15
19
12
687
28
9
1
1
4
1
4
1
218
82
1
28
1
22
30
18
654
16
1
1
13
14
1
17
1
113
40
1
1
22
446
1
16
4
5
20
6
3
27
6
4
18
1
1
1
14
286
5
69
122
1
7
15
1
1
6
11
1
24
10
6
5
86
1
1
9
3
107
4
2612
13
30
4
1
22
12
26
1
398
1751
1
15
15
1
31
8
2
16
19
1
1
19
1
1
16
19
68
28
8
28
88
1
1
23
10
15
23
19
14
1
1
85
61
1
1
1
10
37
3
13
32
8
34
80
1
42
74
406
9
17
10
22
28
24
1
18
8
39
44
1
18
1
17
640
43
1
23
119
1
22
15
10
15
16
4
84
1
18
1
23
21
32
28
25
5
6
7
9
27
11
41
1
14
3
14
58
70
12
5
7
1
1
11
11
9
32
48
20
9
1
23
3
10
16
9
9
1
8
15
21
9
14
1
21
23
17
22
67
15
6
39
22
29
3
36
74
171
15
1
17
28
10
34
9
16
56
1
1
9
18
14
16
19
41
1
8
19
7
1
5
1
27
1
40
7
10
2
1
23
31
42
1
1165
7
9
85
7
14
31
12
1
23
1
20
1
280
6
1
1
1
32
1
1
1
13
6
11
36
18
7
16
7
1
8
12
15
738
14
1
9
30
1
39
1
46
1
1
10
43
31
31
4
3
3
19
19
1
17
6
15
1
15
35
6
33
56
6
28
1
3
23
5
16
1
33
1
1
1
1
1
15
15
6
2
11
23
30
19
239
18
11
1
18
17
9
6
1
47
17
1
13
1
4
4
2
5
1
17
3
31
11
8
16
15
14
12
14
9
23
19
1
17
11
18
7
1
1
54
1
5
22
29
5
7
12
1
10
22
14
12
6
19
7
1
24
14
17
4
1
4
1
14
45
39
39
12
34
2
1
1
24
1
78
1
11
10
2
1
1
19
9
10
16
2
41
6
1
18
1
21
8
9
10
1
1
1
1
17
20
12
31
1
1
13
10
8
23
1
1
1
1
1
7
37
18
1
1
1704
21
21
6
1
10
14
23
9
6
1
16
34
3
1
1
28
48
15
38
21
1
6
7
1
1
13
1
1
6
90
21
4
9
12
3
29
6
13
11
1
48
23
24
3
7
1
37
32
6
307
24
40
16
1
1
7
1
1
396
1
24
1
1
27
1
1
65
17
8
3
12
1
40
6
70
1
12
12
17
9
1
1
13
1
13
29
40
1
31
1
907
6
16
1
14
13
9
859
1
24
17
1
1
1
5
4
1
1
29
64
25
61
5
1
15
4
1
95
13
22
1
6
1
19
11
31
1
29
11
22
20
6
8
1
12
12
1
43
18
1
1
1
5
1
6
11
16
33
14
6
3
1
29
19
7
9
1
10
1
1
6
25
34
45
15
1
1
19
1
36
1
1
14
1
6
39
1
9
11
21
4
2
11
5
16
1
2
40
11
1
13
14
1
1
1
6
37
17
4
17
1
32
4
4
11
1
26
9
1
14
31
19
1
59
14
1
1
7
13
1
19
20
7
1
1
43
4
1
56
11
2
5
118
17
16
34
1
13
26
10
1
16
1
3
39
1
3717
8
1
10
1
1
69
9
26
15
14
7
1
1
2
1
22
25
16
1
48
144
7
16
57
43
1
74
1
18
1
1
24
2
1
1
21
29
75
16
1
1
72
10
8
7
13
21
1
98
1
36
26
62
13
30
15
13
1
19
3
8
494
44
1
10
11
8
5
14
9
1
1
36
32
28
14
16
15
9
25
1
1
1
4
35
1
3
8
24
3
13
1
1
1
1
15
10
2
8
9
23
17
23
6
6
1
1
1
15
1
19
1
156
7
7
8
13
18
1
1
114
1
37
1
30
135
3
11
16
28
9
26
10
2
14
1
1
14
24
109
12
2
10
5
10
1445
30
13
17
22
1
8
1
4
1
23
399
1
8
1
39
6
6
1
6
1
2
18
1
18
34
1
12
7
46
17
11
18
1
7
10
50
35
12
353
19
13
702
1
1
12
29
7
25
7
1
3
13
16
16
1
49
1
139
37
1
14844
71
6
17
24
14
289
9009
23
5
1
8
94
32
129
1
18
4
13
19
1
16
16
3
1
23
1
27
1
2
8
6
11
28
20
22
4
31
17
36
1
1
1
1
9
1
17
8
3
136
48
20
1
234
32
1
1
46
35
1
14
6
4
43
6
1
1
3
2
13
1
18
35
1
4
13
18
19
15
1
10
28
26
2
12
1
5
1
37
14
10
3
1
1
21
1
18
30
20
1
53
1
167
42
10
473
24
1
1
21
6
23
48
27
395
1
6
1
1
17
99
10
10
927
1
1
3
14
68
1
1
11
1
7
348
13
16
24
1
1
18
5
129
38
7
69
20
1
243
4
10
1
12
48
1
3
7
15
25
4
19
1
11
24
21
1
1
1
7
1
19
1
462
1
1
46
11
4
11
1
41
1
1
1
34
10
1
10
67
1
7
15
1
155
12
116
14
1013
10
27
31
24
5
21
33
8
1
76
40
1
4
30
16
22
19
1
1
4
11
1
17
14
1
1
50
10
56
17
1
56
7
5
1
20
1
30
10
1
8
26
102
16
1
18
73
11
18
7
59
8
1
14
18
2
1
12
29
1
34
12
4
5
12
1
58
10
234
19
8
6
52
1
1
43
28
18
1
1
4092
64
5
1
15
64
3
59
8
1
34
18
42
1
38
10
18
1
1
17
4
115
18
14
1
24
10
1
25
1
14
29
101
27
10
1
13
1
20
3
1
40
16
32
3
107
1
1
1
20
7
1
34
20
1
4
37
24
1
20
1
34
53
15
1
2
11
4
18
62
63
13
1
27
23
5
71
1
23
2
6
12
1
1
17
19
3012
2
31
16
1
13
99
187
369
1
1
5
1
34
10
4
16
19
2
3
33
22
22
1
27
53
14
42
21
1
71
2
28
4
1957
32
1
9
1
10
8
9
179
18
71
1
25
17
20
13
1
4
18
1
9
19
1081
19
12
8
8
40
1
26
1
3
15
1
19
3
21
1
14
18
1
3
12
6
5
15
1
14
20
1
1
9
38
14
56
1
20
66
28
28
2
1
28
1
1
90
4
5
1
12
19
7
1
12
14
8
1
19
36
14
1
1
38
1
13
59
35
1
11
1
20
13
9
9
1
52
38
17
13
22
1
5
42
1
1
5
10
16
708
26
40
1
1
30
1
11
4
6
3
9
10
7
6
7
30
6
41
43
29
46
1
1
4
1
1
1
6
1
2
137
32
32
18
51
1
1
1
65
46
38
1
22
10
19
12
1
32
9
38
22
32
3
16
11
1
6
54
13
1
6
1
50
10
21
35
19
1
1
1
1
1
1
3
1
12
12
3
1
10
3
1
17
1
16
14
18
27
1
10
19
10
18
31
7
14
16
7
1
23
1
12
1
78
22
29
1
1
15
137
2
13
24
13
66
1
21
6
47
7
17
14
8
2
34
17
1
7
17
29
1
15
9
18
13
1
11
2
31
1
19
20
1
5
7
8
1
177
46
61
15
1
23
39
5
3
17
1
4
1
3
10
1
24
1887
1
1
7
3
1
9
19
16
3
1
32
3
16
15
5
9
2
1
88
3
12
4014
22
28
12
7
9
22
1
133
18
38
37
18
1
1
12
62
45
7
1
24
20
1
12
1
1
12
11
39
1
37
16
11740
1
26
11
1
1
3
5
1
16
19
8
1
1
1
1
13
11
70
14
1
19
23
15
1
1
8
16
1
1
1
44
12
27
15
1
3
23
42
1
14
1
1
1
1
34
1
1
39
1
1
14
1
1
9
6
28
27
1
1
9
11
7
61
1
10
1
34
3
12
43
23
12
31
8
126
12
1
13
24
16
18
1
32
16
1
15
1
1
45
1
1
4
5
20
1
15
3
80
7
16
12
31
7
28
1
5
5
20
22
1
27
11
46
1
22
15
21
1
1
5
4
6
7
9
1
9
6
1
16
14
13
8
1
1
13
1
6
12
1
8
1
1
28
23
1
18
6
53
14
16
1
128
13
2
13
34
1
6
622
1
28
17
11
15
58
95
1
1
6
1
4
292
15
22
1
1
1
70
13
1
20
13
16
6
1
2
34
17
20
8
7
35
24
1
10
2
11
11
1
13
5
22
24
4
17
5
267
16
22
41
58
10
20
28
1
7
6
1
14
14
7
1
40
1
1
1
18
13
17
17
20
22
27
20
30
13
5
7
26
1
1
36
1
1
14
1
1
26
1
5
6
19
10
16
19
4
44
1
19
27
82
4288
103
22
63
12
1
1
50
63
1
5
13
55
4
6
1
9
75
384
10
1
33
19
44
13
1
2
1
49
1
49
1
1
24
11
8
53
1
8
1
96
72
4
30
15
1
11
1
1
23
152
7
32
6
1
20
14
27
9
11
19
10
24
9
9
13
1
20
1
1
13
24
40
12
443
1
1
1
1
1
2
1
22
13
8
14
1
18
1
3
57
9
2
10
1
1
62
16
141
1
184
16
95
5
12
14
39
39
1
71
4
69
20
7
9
17
9
1
735
8
12
3
9
21
6
6
24
8
8
80
10
1
72
1
8
17
1
11
37
5
1
5
92
23
67
2
1
1
3
1
22
1
14
17
9
30
17
16
18
109
9
14
11
41
1
12
2
1
1
24
15
14
4
4
20
6
11
10
26
1
4
13
47
14
12
1
1
22
36
11
13
41
68
1
1
12
1
1
31
3
2
2
9
56
2
1
1
1
30
413
1
50
30
3
60
1
20
3
4932
19
23
1
53
1
50
42
6
17
4
33
7
26
35
3
43
10
1
19
2
27
31
15
14
5
8
22
18
22
17
43
7
122
3
15
17
6
2
37
1
32
17
20
10
5
20
26
94
352
52
1
9
28
15
6
1
15
1
7
40
46
1
144
165
23
15
1
15
1
173
18
21
7
10
17
27
7
16
1
7
90
10
13
20
1
17
16
21
2
6
3
18
1
12
181
54
19
4
1
1
4
450
1
1
18
1
1
14
12
1
1
50
12
5
1
8
5
71
30
28
1
16
4
12
17
18
278
1
7
17
110
18
4
1
3
22
7
13
1
5
29
24
1
13
20
14
13
2
13
1
9
13
27
41
11
8
10
25
12
8
12
1
5
4
1
1
1
1
3
4
30
20
1221
21
1
2
1
1
39
1
31
1
1
54
6
20
8
6125
1
32
36
9
18
2
20
66
15
16
18
1
13
4
1
1
1
4
9
10
40
13
4
98
6
14
4
1
38
15
14
29
26
69
2
12
1
4
11
27
19
26
1
24
67
242
13
12
1
1
19
21
1
1
30
2
17
8
15
1
1
13
1
1
9767
26
5
1
1
1
13
1
1
5
1
1
33
1
3
2
1
19
31
14
1
1
1
1
1
29
1
1
13
11
14
2
9
22
40
1
11
52
10
1
6
11
32
1
25
30
73
13
1
1
1
5
24
10
20
1
4
1
1
22
17
155
1
4
1
1
1
46
4
9
1
36
11
10
15
7
13
1
33
1
1
1
1
25
16
1
1
1
93
4
1
1
19
4259
79
3
11
61
1
1062
21
21
16
12
1
22
17
14
1
23
2
2
5
50
37
40
13
11
17
1
21
40
2
7
67
2
1
10030
1
1
11
7
18
42
1
16
12
10
17
30
52
6
14
4
12
1
1
23
17
1
34
61
1
1
53
1
15
1
1
40
8
36
1
30
6
34
9
9
4
1
12
1
19
9
19
1
1
16
14
10
30
39
11
56
23
21
1
1
7
15
1
36
13
6
11
5
8
22
1
6
12
20
19
1999
83
28
1
1
22
1
45
10
19
1
1
10
3
13
8
2
19
21
1
1
19
15
7
18
1
1
1
35
18
8
24
17
10
1
80
2
14
19
1
1
11
1
10
1
16
5
19
23
20
1
12
13
14
40
25
71
30
10
2
4
6
4
9
21
12
10
7
16
28
30
10
40
24
56
1
19
1
52
15
1
15
1
11
1
1
49
24
1
6
1
75
103
1
21
5
23
1
86
14
101
123
19
134
27
1
30
39
12
1
9
1
1
17
6
14
6
8
1
1
12
19
1
13
9
9
1
84
19
1
20
11
20
13
1
1
18
5
30
13
18
6
1
29
44
1
1
133
11
182
1
1
23
12
1
11
20
11
6
14
1
19
26
1
1
19
21
26
1
631
21
23
1
21
13
28
1
3
30
10
9
11
8
8
1
1
29
8
48
6
10
1
5
1
17
76
1
7
29
1
8
1
18
1
7
6
37
1
14
26
19
7
33
29
32
12
4
10
1
75
1
1
1
23
50
1
11
14
20
1
1
8
22
1
101
12
15
1
1
1
24
17
10
16
9
7
5
1
9
4
28
23
61
22
20
1
1
28
23
1
7
1124
21
1
24
1
28
27
18
20
13
1
8
1
1
15
12
15
7
10
36
1
242
4
30
1
12
90
2
13
16
35
104
68
14
29
1
14
13
51
4
1
7
11
11
18
1
15
80
18
1
3604
1
71
9
22
84
1
1
12
7
8
13
1
1
1
1
1
16
1
1
1
1
35
14
8
16
1
4
12
46
26
24
20
3
56
23
23
4
1
1
55
1
1
1
19
38
14
3
1
1
53
3538
1
1
3
1
43
1
1
5
1
1
12
2102
9
11
4
5
1
1
8
4
7
1
1
14
5
38
1
18
12
33
1
103
10
13
3
47
64
50
27
1
6
20
8
16
1
1
76
32
43
9
36
17
4
3
47
14
1
13
2
24
62
72
1
13
14
13
1
15
14
41
40
5
11
1
1
32
31
1
1
1
6
50
1
1
1
14
8
9
7
1361
1
1
34
1
1
24
82
1155
28
1
1
35
17
48
13
23
12
16
39
1
3
26
11
14
8
11
1
1
1
23
1
11
2
30
2
10
93
3
7
9
40
19
1
14
13
17
1
1
2370
1
20
39
2
53
28
13
77
1
51
25
16
29
5
19
5
9
15
20
84
1
1
701
1
2
8
13
1
12
1
2
