16
1
1945
80
43
57
42
56
153
21
1
1401
11
6
9
18
118
23
12
28
27
67
1
3
37
48
10
14
11
34
11
54
97
8
17
7
11
43
19
9
3
13
26
71
23
25
10
8
42
7
657
49
8
260
62
17
2
18
10
7
45
140
14
4
21
24
3
43
11
1
813
7
74
45
4
104
16
9
46
8
11
21
2
36
15
28
9
37
9
40
4909
7
8
20
272
14
13
3
12
86
17
29
38
43
1
47
157
14
8
34
88
26
7
10
13
214
3680
22
16
21
29
67
14
4
156
112
34
5
175
296
9
32
8
8
6
7
19
67
12
40
21
129
4
76
42
12
40
29
128
15
52
80
59
12
35
22
38
8
20
45
23
5
4
11
28
44
20
15
57
18
3
174
373
14
4
26
3
73
5
9
15
53
28
49
32
3
21
13
25
32
8
37
40
143
95
20
3
6
7
47
9
38
12
11
12
25
24
1
22
1
12
32
14
60
80
9
29
125
33
13
8
10
4
23
22
11
1
33
14
87
16
40
5
22
9
12
9
24
7
36
37
11
2
29
11
7
51
24
142
36
9
30
36
92
39
8
21
6
10
2
4
5
68
19
17
95
24
14
189
5
14
4
22
45
80
16
3
19
9
7
20
30
188
32
50
789
186
23
4
58
19
106
42
179
12
93
268
8
33
15
1
15
8
2057
39
99
1
4
2
11
12
91
176
163
14
47
1
124
7
57
13
4
1164
6
16
105
8
17
17
54
113
6
17
9
56
9
3
887
19
28
45
13
13
15
97
14
4
118
18
104
864
74
40
18
18
52
16
2
4
39
103
110
7
25
5
78
23
22
10
8
676
34
19
54
3
27
36
50
118
77
8
31
21
6
41
10
4
14
19
51
1324
17
412
44
37
9
34
19
18
11
39
14
27
142
14
106
8
30
41
1
102
12
60
14
18
15
1
14
38
21
23
10
43
41
6
443
3
7
2
13
2
50
6
1
30
7
14
40
11
44
248
92
1
19
23
35
107
6
17
3
5
1
20
123
43
9
58
106
17
4
111
189
3
43
42
62
108
26
39
11
179
32
4
15
15
11
54
10
107
9
40
17
110
17
102
64
21
29
5
43
1
33
85
738
34
71
7
52
11
18
35
69
14
19
42
27
140
19
19
2118
24
40
7
8
12
9
5
38
12
23
22
808
10
11
22
24
2
24
2
19
49
2
24
6
1
6
210
75
19
23
53
32
108
63
58
16
12
14
9
20
107
13
8
241
158
8
34
918
9
8
106
27
8
29
5
362
17
10
19
25
20
19
15
198
4
1
1
10
21
17
15
12
65
143
162
5
9
301
22
9
9
20
92
17
13
20
55
42
92
5
15
12
5
33
14
11
41
6
2
46
33
3
11
25
64
4
13
24
15
19
28
8
46
61
33
5
27
210
12
47
3
49
4
22
13
140
7
20
9
6
17
52
4
4
9
65
31
7
15
97
2
20
3
73
48
4
27
50
65
109
14
38
168
4
220
24
98
5
714
3
5
4
8
17
24
62
96
36
20
100
21
729
24
10
11
9
16
26
33
13
19
15
15
27
18
67
19
1
27
64
6
5
23
25
15
67
46
889
14
7
1
28
12
6
10
14
5
21
1
25
55
17
12
12
4
14
162
39
7
67
53
13
54
8
149
24
58
146
47
26
35
26
9
30
1
28
9
10
72
14
3247
18
27
157
10
57
38
10330
53
71
11
7
15
21
1
17
129
10
2
5
15
7
131
20
87
21
60
81
987
80
13
48
54
23
50
9
26
1
2
27
19
14
24
578
9
5689
3
163
19
4
8
1
6
9
95
52
18
9
17
67
26
77
38
2
49
4
18
15
30
27
57
173
22
15
68
9
32
27
46
19
48
13
4418
11
3
12
168
28
117
15
19
4
8
46
37
64
43
55
8
8
1
26
40
2
20
23
16
1
16
13
19
23
154
23
3
13
45
3
3968
21
82
10
116
4
29
114
1134
15
25
38
69
9
48
24
192
12
2
10
12
33
13
170
20
3884
94
96
5
10
12
36
11
29
39
24
150
90
115
5
24
24
44
11
6
6
7
10
35
4
12
49
496
23
44
5947
46
90
25
76
24
11
11
29
11
64
2
3
92
1353
12
2
18
22
34
1
10
19
69
1618
8
40
55
112
5
16
204
210
5
79
23
108
39
100
18
23
2938
35
18
38
24
14
16
54
144
31
6
9
4
18
9
15
5352
19
1
16
33
9
191
9
28
3
23
10
5
28
35
9
4
35
7
34
4
14
8
6
20
33
16
3
5
7
67
112
245
154
72
1
25
102
12
16
20
58
14
18
13
12
24
12
11
33
20
111
7
2
7
136
37
18
8
5
24
11
57
16
34
17
11
10
4
13
121
3
109
13
31
10
80
159
1
8
14
15
3
37
9
33
37
9
254
23
27
7
42
15
52
4633
26
30
150
12
3
1
32
171
56
65
49
25
30
19
14
2
67
15
21
4
6
10
21
6
10
26
36
50
5
6
7
2542
30
82
34
4
4
43
85
10
27
9
6
10
26
18
39
2374
39
8
16
7
6
16
31
50
99
38
11
19
27
29
14
3
12
26
7
9
4
28
40
16
4
164
478
2
28
36
31
57
2
18
2
191
8
39
52
9
2
26
9
145
65
68
7
23
18
61
119
16
110
53
62
7
12
7
42
6
21
14
20
86
6
49
32
23
6
13
1
225
13
53
22
60
15
13
380
10
10
3
16
9
16
5
17
264
17
43
61
112
30
13
36
104
156
33
47
8
5
2
78
2147
7
156
8
357
6
761
36
3
1424
69
36
21
42
212
10
14
58
71
61
90
19
19
29
57
7
14
15
12
138
32
61
35
30
3
16
15
17
21
9
46
9
11
15
4
19
6
5
21
23
34
8
1
102
6
7
422
16
13
18
41
19
35
16
30
12
10
4
19
27
50
2
43
1
18
7
6
7
32
79
103
154
9
19
23
29
16
36
5358
9
4
76
4
35
38
18
57
52
18
2
12
25
13
7
161
11
9
3
36
22
318
12
2
46
5
29
10
41
15
11
8
50
16
2
22
13
1
14
13
1041
11
864
7
16
9
4
101
1
17
179
53
116
214
4
16
8
23
27
8
44
5
2
7
66
5
14
10
5
13
86
5
62
10
9
4
1
33
10
40
117
53
224
6
722
7
559
188
21
31
7
3
18
26
3
2
10
18
135
138
36
7
10
21
15
128
16
7
41
67
17
3
3
75
42
50
10
29
1
17
12
1359
9
22
7
19
144
1
16
3
40
2
15
2
49
30
27
452
59
4
26
9
4
26
20
97
8
20
80
23
8
9
17
39
5
5
20
19
26
46
13
3
21
19
22
38
4
30
6
6
113
5
21
19
5
6
92
43
13
39
33
41
21
5
8
248
21
11
84
33
6
5
15
94
54
9
7
12
23
25
115
15
12
95
133
14
33
7
60
9
45
28
9
3
16
9
53
37
2
29
36
37
47
13
56
32
16
9
72
9
27
9
9
8
2
358
101
26
6
13
18
1
19
25
42
13
28
1555
12
22
576
6
33
5
28
56
16
1
29
6
19
13
72
42
14
9
142
2
8
13
15
10
28
315
36
32
191
5
3
10
1316
16
35
11
158
79
16
32
97
23
10
9
2
145
27
18
23
4
97
18
27
975
130
69
4
11
6
44
3
2
87
11
20
16
1287
7
65
17
14
18
91
4
11
10
6
24
3
5
357
6
4
18
20
25
3
47
1020
22
54
5
18
96
26
25
46
24
5
85
18
9
6
245
7
27
14
43
3
15
11
24
15
18
30
47
9
12
82
52
22
16
29
10
24
17
400
249
7
12
27
7
7
14
367
65
20
21
20
8
22
25
6
17
103
20
19
1
19
9
16
2
10
7
13
34
51
128
6
17
4
2
4
41
38
5
4
3
13
4
14
29
7
23
576
8
9
9
4
52
1
15
10
23
2
3
12
11
25
76
7
21
25
27
39
8
57
16
543
1
284
3279
46
73
12
8576
14
24
15
16
72
29
4
7
30
33
31
20
1298
24
21
88
40
87
18
61
140
5
36
5
30
9
21
33
45
99
1
11
30
23
25
49
78
9
248
6
14
30
273
10
1
93
37
254
19
1
1
12
27
365
2090
8
7
140
21
27
107
7
56
24
8
63
28
23
10
1
15
4
3
54
21
4
20
102
2925
23
347
224
4
21
84
27
27
22
7
11
10
52
34
131
1
1
17
5
24
21
23
19
12
2
39
35
53
11
6
4
8
17
8
18
112
16
4
13
3
38
55
1693
23
53
2
26
24
191
135
17
27
115
9
5
42
46
219
20
21
31
5
6
9
20
19
14
6
47
140
8
42
17
34
457
10
35
38
3
3
37
41
22
61
11
161
12
19
98
3
7
17
44
4
2765
63
65
7
22
52
4
14
21
30
11
18
33
8
18
19
11
8
6
14
207
140
105
14
1
93
3
1
82
8
75
1
21
21
8
323
8
68
36
14
29
136
18
26
30
27
29
951
29
5
188
7
36
25
17
32
10
45
69
15
18
2
8
3
33
56
8
266
16
15
52
118
39
40
23
3
24
11
5
45
22
3
49
8
8
20
46
31
13
23
33
52
24
8
22
154
3
47
13
13
72
22
12
8
7
48
1
20
17
6
308
16
53
18
27
3
38
68
798
26
17
176
1
789
7
134
18
16
1
18
1
13
67
29
34
8
4
9
8
2
243
9
114
3
32
5
10
6
50
30
17
2
17
25
6
105
35
38
27
4
43
59
11
98
17
6
10
16
4
2775
6
26
20
30
19
69
42
24
15
16
24
2
2
43
5
22
43
32
26
14
87
60
33
39
113
190
4
6
11
55
70
67
23
2
24
18
1
17
6
2
35
22
39
432
100
16
22
20
3
68
20
3
33
16
649
9
42
16
36
7
16
8
46
45
15
35
38
32
10
37
6
20
27
20
38
32
131
45
4
56
8
21
21
3
80
3
60
7
75
3
16
293
15
74
13
21
33
3
34
1
293
10
20
4
3
16
44
4
9
194
8
587
11
27
5
13
15
141
10
4
39
10
16
17
18
6
5
2
138
22
24
39
4
3
7
9
22
19
10
5
5
116
58
73
39
11
46
1
21
16
17
32
22
15
8
10
8
6
34
4
1
7
8
21
21
2
34
27
17
4
10
18
91
19
7
50
18
73
99
14
33
32
15
9
3
80
38
24
22
4
40
25
19
42
235
12
11
13
469
13
4
41
21
66
5
3
27
2
106
10
7
6
400
10
8632
77
4
9
8
27
27
15
1
4
2
22
22
19
26
8
17
24
3
11
20
11
110
11
12
43
2
834
15
2
62
10
34
15
11
19
4
6
42
15
475
11
71
35
11
20
10
42
18
16
5
18
42
61
19
31
17
143
43
83
93
18
85
532
3
53
14
47
16
7
1
26
69
8
5
1
52
1
3
18
80
16
12
3
11
11
10
301
30
339
177
2
19
4
22
42
44
43
38
20
29
13
39
48
8
18
20
2
11
17
14
19
23
12
22
124
10
12
39
20
16
122
23
4
31
294
39
1865
6
39
8
74
5
3
17
14
5
1
53
23
18
44
73
855
1
44
85
31
9
12
37
899
8
11
23
4
5
25
5
25
31
20
7
185
2
2
23
5
19
14
42
15
20
36
15
20
235
4
15
39
13
116
54
4
34
19
20
21
9
16
32
200
40
15
243
14
7
13
3865
39
178
52
6
338
41
17
7
90
3
1399
14
16
1
5
6
62
193
37
104
7
65
28
51
19
6
10
3
23
37
10
14
28
18
19
8
10
24
39
284
22
3
3
1
25
25
2
1
2
6
65
13
449
35
577
156
15
76
33
29
9
1
35
17
12
5
8
8
1
9
21
27
9
51
36
187
11
27
11
9
19
2
58
1
109
17
134
6
11
32
23
49
55
12
42
15
99
3
10
42
35
16
25
23
9
185
6
17
159
18
30
4
20
75
110
7
8
13
96
2
19
19
11
34
101
47
104
2
39
4
29
6
1
5
45
17
14
83
16
24
6
26
6
34
14
39
13
83
789
97
15
31
105
22
18
9
11
23
31
16
70
2
54
50
33
37
1
6
17
6
19
3
32
16
20
44
299
10
3528
38
65
14
14
8
91
56
19
14
12
27
30
28
48
74
10
83
45
4034
1
6
159
18
62
55
2
102
171
14
15
28
4
15
7
1
12
3
7
44
19
50
32
25
15
293
338
27
26
23
16
32
42
51
11
110
15
6
3
31
178
22
78
25
31
2
2
17
2
8
8
25
22
10
53
18
3017
106
2
36
24
1
18
1165
20
43
5
4
68
1
7
6
6
18
19
3
1
19
39
14
20
99
7
16
5
20
35
8
39
12
14
19
6
38
13
2
2
53
48
11
2
13
8
6
2
122
4
5
54
46
40
19
9
18
7
10
4
14
40
2
17
64
14
13
39
45
883
72
15
290
9
10
13
20
45
1
88
52
10
40
14
55
14
2
23
78
13
16
99
3
13
15
18
51
43
42
35
74
7
12
2
20
9
41
39
8
48
19
25
6
207
8
20
1
34
161
8
14
3
3
54
25
7
29
15
2
16
4
29
20
7
32
1
56
1086
9
39
20
3
82
43
7
2
15
18
37
2
20
19
31
6
47
75
5
44
21
5
23
21
64
7
43
33
75
50
34
5
3
46
7
54
865
109
126
86
11
53
12
4
18
1022
44
2183
6
33
3
15
48
1
8
4633
20
44
51
12
21
1
736
112
5135
45
45
11
21
24
34
63
89
14
33
58
76
68
25
42
53
95
86
12
50
11
9
14
26
16
15
6
34
74
9
8
11
10
39
25
249
15
3
14
26
19
23
240
50
6
18
11
64
9
66
4
89
33
2
20
6
15
13
40
54
43
15
12
26
22
78
22
67
4
14
24
51
58
8
28
10
13
17
66
2
18
7
20
23
32
9
23
1
8
330
4
43
23
12
86
45
14
57
62
787
368
126
24
27
6
1075
58
5971
40
56
24
4
553
6
13
179
12
28
17
24
16
9
36
10
13
1
17
11
62
19
13
42
4
13
47
19
2
114
19
8
14
3
8
50
9
6715
14
15
10
11
3
2
4
15
80
61
41
23
21
4
9
4
11
7
87
17
21
18
13
135
9
1
20
18
7
3
1
4
533
3
32
22
5
2
19
41
16
32
21
13
2
26
27
682
12
13
5
35
6
70
49
28
61
118
53
35
20
3
10
33
48
28
22
92
21
26
58
7
28
31
47
150
2
24
41
4
224
31
152
25
91
18
16
531
19
1
46
5
32
13
23
15
11
19
3
111
2
4
22
29
18
13
7
31
3
40
143
43
12
19
58
78
76
19
26
6
62
9
29
83
24
5
4
15
15
27
34
2
24
8
52
18
51
6
10
810
2624
2
8
7
10
18
5
34
27
4066
61
16
489
3
23
93
25
34
18
18
279
28
2
15
29
18
29
22
2
35
25
4
23
20
2
5
42
11
13
4
125
16
19
3
2
7
32
60
23
26
43
1556
7
9
18
13
3
3
76
5
43
46
18
4
20
25
33
17
9
9
13
9
27
2
2
4
83
57
43
50
1
90
9
12
8
21
28
10
414
6
25
20
13
64
17
28
23
3
4
20
35
84
22
18
15
7
10
4
15
5
9
4
8
10
10
70
14
233
7
37
194
2
17
4
5813
26
14
49
27
33
1921
24
22
18
31
5
3
41
45
15
3
5
26
6
4
58
52
7
26
18
10
19
16
13
150
30
16
13
216
34
15
101
106
5
13
42
531
5
41
8
14
22
10
17
5
34
19
5
1
1
4
60
54
9
286
16
25
9
145
19
62
4
18
18
42
60
22
85
28
5
25
7
12
4
67
59
29
29
123
514
1
4
2
4
46
1
10
13
2
19
30
7
16
18
5
37
9
6
23
68
1
23
27
5
45
6
27
8
19
69
3
28
24
31
25
27
13
47
49
23
1
51
6
6
23
80
25
41
9
108
16
90
6
5
36
14
3
4
15
10
12
11
8
34
4
43
19
38
22
22
22
11
6
18
27
175
141
6
26
18
5612
15
19
5
1
32
140
50
17
35
6
3
48
33
47
1
314
6
6
28
2
41
43
4
28
601
8
21
2
2
32
18
12
7216
33
36
42
25
12
57
23
63
4
3
11
20
379
53
11
52
15
30
64
22
37
2
3304
3
7
12
81
1
75
19
3
8
33
6
43
17
56
23
15
25
152
8
91
3
63
9
9
12
18
24
30
17
13
19
2
10
17
3
7
1457
7
184
19
20
6
11
21
6
55
52
18
11
14
16
8
21
27
47
5
5
51
8
1
5
19
41
20
16
23
177
131
31
1
3
10
1
3
22
20
33
45
3
10
21
14
48
26
7
8
33
163
16
78
4
11
34
45
393
22
12
10
21
45
39
27
1240
3
17
16
161
14
43
31
21
7
15
8
2
121
8
49
6
4
58
73
39
61
14
24
11
49
15
14
2
14
13
35
5
183
142
118
98
19
7
79
19
7
7
24
31
610
12
62
11
117
176
33
8
32
22
4
75
31
1
123
20
63
10
32
18
12
5
9
23
25
18
18
22
11
34
39
10
30
15
78
1362
16
33
1
13
2083
9
40
47
68
20
11
10
26
21
628
1
30
102
821
3983
8
8
12
53
42
13
39
11
20
4
24
31
12
247
1672
15
13
14
73
23
1195
21
13
8
44
19
15
16
8
33
46
47
18
3
2
7
29
13
29
8
120
11
6
35
3
4
26
21
2
24
8
4
1
18
22
36
9
4
30
10
45
1974
12
10
91
7
20
11
34
23
23
6
5
32
34
38
24
25
45
29
12
107
10
10
7
6
8
1
3
69
14
18
19
10
24
67
1
33
24
38
7162
3
27
17
17
7
2
103
2
28
31
36
7
6
22
13
5
16
8
11
40
59
29
13
122
28
35
9
119
7
5
19
13
29
702
8
66
59
25
16
52
9
43
18
5
149
14
12
4
12
15
6
20
1
19
9
3
172
27
1
2
11
2
20
6
5
8
9865
37
18
7
48
2
14
5
43
3
18
21
5
63
18
24
83
17
45
46
43
17
7
7
22
12
3
1
6
55
23
11
31
55
33
11
16
88
35
47
14
6
11
14
14
38
18
18
69
29
11
16
1
34
16
40
2
29
9
17
23
29
9
13
4
37
81
60
5
8
22
9
7
32
10
14
6
60
6
6
38
15
3
29
19
54
13
3
28
28
24
18
4
107
7
10
30
19
3
68
59
26
39
43
18
32
11
53
17
5
15
11
15
74
1
5
16
10
10
19
9
9
26
11
13
18
134
3
93
25
21
145
74
42
41
23
496
6
5
28
30
22
33
279
14
111
1332
4
116
19
29
38
6
13
66
18
23
34
37
1747
1
18
33
3
210
23
150
17
56
14
28
64
28
3
118
9
5
51
12
10
30
57
70
1
8
9
259
25
17
89
20
27
22
8
135
5
11
30
12
15
32
23
29
13
4
55
39
30
15
170
632
128
14
42
46
6
76
28
93
5
169
14
29
12
39
13
2
15
17
142
6
12
28
27
210
4
68
235
23
89
285
6
5
26
48
47
192
98
8
30
13
10
20
13
25
18
24
20
16
2
445
83
7
3
29
22
1
224
8
20
31
42
20
6
18
8
58
16
17
5
43
34
155
52
13
36
2
13
28
1
37
6
76
19
22
23
8
14
6
32
138
3
6
8
4
18
32
68
6
12
5
6
93
20
66
1
55
9
15
34
40
25
24
28
34
11
5
1
6
21
78
6
7
17
18
10
19
14
43
38
28
33
15
82
43
28
210
9
15
3
16
659
6
935
95
5
354
60
29
44
1
31
2217
3
9
4
33
7
2
17
2
97
4
5
18
66
18
17
29
5
15
14
81
86
63
58
1
58
39
53
48
4
71
4
12
4
42
29
36
35
39
45
43
48
39
287
63
152
56
31
302
28
72
15
31
17
4
228
17
15
4
14
10
5
25
41
42
53
41
27
38
171
11
2
5
21
16
1
34
18
23
19
30
13
1
18
5
1478
14
171
25
33
5
6554
12
28
157
22
10
50
48
3
101
19
22
22
21
3
1
150
19
8
8
6
26
2
54
11
5
27
167
26
7
10
4
3
8
31
3
174
79
4
17
20
38
1
28
11
13
26
259
225
102
9
19
31
31
59
16
14
19
30
1
11
9
1
9
32
10
223
10
34
17
15
41
43
33
8
2
6
34
13
63
5
8
10
38
56
10
32
11
16
16
83
8
52
108
21
13
17
2
18
5
13
12
5
21
1
4
1441
12
47
15
99
24
1
1
18
1
7
14
61
20
30
81
23
3
1572
50
5
9
6
11
29
11
31
31
12
36
31
4
81
41
36
8
3
18
10
25
2
29
9
14
1610
115
16
48
363
22
552
35
60
132
16
25
34
2
20
2
27
26
71
69
4
25
26
45
19
2
30
16
24
15
10
7
3
66
164
18
11
40
92
6
31
39
7
22
44
20
8
26
8
26
49
30
69
19
28
10
45
64
2
24
7
18
13
2
114
33
44
8
14
10
39
11
3
7
7
273
6
52
1
3
520
1327
337
5
7
7
6
7
3
2277
5
2
8
26
33
101
48
34
16
20
3
5
4
10
284
7
116
20
27
50
13
17
35
11
19
8
1
5
141
393
160
67
169
2
592
13
32
5
435
9
11
19
5
8
10
14
5
49
8
11
72
74
17
296
8
32
5
14
2
1
25
8
46
46
41
19
71
158
20
11
26
51
77
7
689
34
30
730
1
15
22
15
6
394
8
7
58
7
14
45
15
96
17
36
1
39
35
12
9
61
47
20
3
26
13
7
11
4
23
18
49
69
1173
8
3
156
67
35
17
129
2
40
109
21
153
20
12
44
9
32
63
12
63
17
45
19
616
7
3
21
34
4
6
56
9
7
10
15
37
49
11307
48
6
4
25
64
137
187
15
2
52
44
96
27
22
28
48
20
46
29
155
13
65
2
4
1
36
585
114
29
59
76
2
59
88
4
15
34
4
6
101
62
12
10
11
31
11
4
33
36
1
18
38
46
4
160
7
20
44
20
15
9
20
22
1
12
3
13
53
14
15
19
26
30
81
1
15
830
27
30
29
28
145
16
35
72
62
8
48
20
69
31
1
15
42
1736
13
72
10
35
13
5
15
326
6
10
19
38
70
17
455
19
1
26
7
11
3
44
27
41
8
13
25
1
11
30
31
23
24
76
16
45
21
38
7
24
8
21
4
275
3
61
9
364
2
57
67
39
106
6
29
11
1
19
15
12
16
5
18
15
31
2
3
2
5
17
1
4
9
9
9
40
15
9
32
2
4
83
68
1225
2
11
34
2
18
43
49
17
29
49
106
349
7
6
59
8
69
2
27
22
1
19
30
53
2
54
73
76
5
6
84
16
53
117
17
28
29
3
20
17
4
71
20
14
30
11670
77
31
22
3
17
19
20
13
3
15
95
4
8
6
284
1
97
43
29
291
17
25
8
23
48
43
39
42
6
24
11
8
20
21
10
17
13
7
66
1
87
11
11
3
4
51
21
34
36
19
25
18
17
138
13
27
26
34
29
21
41
21
74
37
5
18
4
44
35
18
151
29
47
26
69
3
5
29
32
58
201
33
12
51
4
3
7
12
2
79
12
3
53
226
25
12
76
16
904
14
16
21
112
46
31
131
133
46
2
25
42
91
36
23
42
17
15
4
5
36
12
13
46
12
6
4
25
14
25
12
8
16
8
16
37
14
42
371
24
9
198
129
79
7
69
10
7
44
29
16
60
35
28
53
27
9
13
16
12
121
8
3
20
427
11
14
3
11
3
27
24
5
57
2658
136
105
90
9
10
7
65
100
74
85
29
30
18
77
31
16
10
115
35
17
10
60
30
31
12
7
8
40
8
39
5
3
13
30
45
19
20
56
41
18
18
1
5
344
22
68
59
37
5
50
93
216
29
81
20
2
44
38
3
14
22
2
50
32
6
1
25
106
64
66
106
22
14
239
52
20
10
36
30
9
9
38
2
6
41
63
42
10
21
14
77
15
47
37
4
3
2
15
20
2
5
5
51
51
45
20
4
29
2
7
1155
5
18
1
13
26
29
4831
15
8
135
4
29
6
2
43
42
3
88
19
42
57
56
6
14
3
63
7
31
3
29
2
13
20
1
31
25
9
33
9
28
22
15
72
23
187
11
3
30
14
62
28
9
297
1007
735
45
11
19
13
19
12
77
13
55
5
46
9
1
17
11
3
27
16
21
39
16
4
108
1
55
26
29
21
20
9
4
76
10
24
59
10
50
10
4
28
4
50
78
42
34
10
9
15
15
62
22
20
23
3
11
24
14
2
68
46
36
1
17
25
17
48
43
75
17
7
3
156
1
77
77
38
8
25
73
19
118
6
99
15
1
17
87
62
30
65
39
18
22
18
20
18
11
84
17
1
12
15
51
20
29
2
29
2
1
30
10
9
12
11
72
14
56
26
23
7
2
24
13
26
3
170
19
11
13
18
12
10
28
2
10
32
19
10
48
1
73
22
68
5
52
39
23
37
116
3
177
79
39
9
23
128
19
55
50
46
21
68
22
3
29
4
14
15
14
8
2
6
47
20
2
33
28
215
92
18
35
50
35
24
11
51
5
36
57
31
2
4
2
45
38
15
28
30
35
35
28
12
5
6
2
22
10
48
35
5
28
20
56
1
30
17
12
17
86
36
50
74
30
64
8
29
5
3
4
12
170
1641
10
48
53
8
15
10
18
78
7
1
5
46
4
74
29
6
23
39
47
96
20
52
8
7
17
20
23
102
17
18
758
30
3
31
63
110
3
10
442
22
27
29
170
20
31
1794
50
10
5
34
4
1
37
12
1
38
22
17
15
41
35
15
96
97
8
52
8
62
30
14
5
22
36
24
10
91
7
101
2
13
5
1
14
37
7
47
54
8
9
60
2
60
23
3
4739
44
4
3
1004
105
22
83
27
12
27
9
67
902
2
30
1
6
47
43
22
19
72
23
1
86
55
42
20
16
9
8
4
38
4
34
4
14
13
28
11
6
8
79
122
10
22
89
49
76
17
48
47
1
7
5
111
14
68
212
51
139
4
19
18
121
61
38
74
1
20
215
102
60
14
31
27
60
21
13
16
7
109
11
28
14
17
52
60
30
19
1522
16
3
668
31
7
31
70
5
5
2
17
142
46
11
20
56
14
108
22
17
23
11
44
13
27
3
2
19
1
5
69
20
40
27
19
52
8
15
101
5
17
2
8
1
28
11
627
1
17
26
170
6
28
120
21
42
33
20
15
14
11
22
80
3
22
651
14
61
178
25
112
1
4
11
23
79
83
10
9
32
54
34
48
33
24
39
7
21
67
8
36
51
137
8
8
14
3
28
310
26
9
31
2
1361
17
3
54
90
4
727
55
27
105
10
24
19
17
18
2
40
43
29
6
49
22
21
35
36
5
11
17
19
229
3
17
79
8
21
3
49
15
14
53
2
69
185
68
4
14
19
4
32
4
31
3
30
37
1462
1
5
35
37
32
68
8
38
21
34
16
22
8
22
3
283
19
3
37
15
73
39
11
31
7
95
14
21
30
1
13
2
11
41
101
2
44
1
3
69
9
12
56
32
1
25
45
45
18
2
19
1
30
23
4
2
13
32
6
13
50
88
13
21
7
41
27
49
35
6
47
99
52
18
15
126
25
46
11
49
23
204
32
111
13
38
8
8
34
60
99
20
10
3
33
192
13
47
15
35
21
22
40
5
102
21
13
2
12
6
75
223
24
57
19
13
24
12
8
8
120
9
98
28
69
5
14
29
176
9
24
21
45
17
1
14
18
87
16
18
52
96
18
12
19
17
21
20
21
28
26
30
36
41
12
6
14
984
14
15
62
21
5
7
627
13
34
8
15
38
2
44
32
52
3
22
2
43
46
8
13
42
122
21
32
55
3737
81
198
19
78
14
11
3
2
30
19
19
20
15
16
29
46
9
2
7
34
58
15
34
6
2
133
26
19
14
6
6
116
20
5
22
17
61
85
19
36
32
11
17
8
26
2
16
7
2
24
72
5
72
5
51
19
4
24
17
18
35
18
18
6
7
27
999
37
28
19
31
16
12
43
354
7
36
29
27
435
681
12
490
102
7
14
31
1
9
103
42
5
29
11
393
41
23
36
10
20
57
29
18
51
45
30
11
17
5
20
20
46
61
18
12
62
31
1
109
18
2
87
6
26
9
18
102
8
4
16
13
3
34
3
1080
237
4
30
16
11
40
11
18
38
6
24
27
39
94
19
16
1
23
325
5
39
27
25
39
16
43
33
2
28
52
20
6
2587
41
10
10
6
40
25
39
41
15
19
42
15
30
14
52
2
9
6
42
7
141
39
15
3
33
34
47
47
15
104
10
77
27
16
7
29
8
65
36
3521
43
1
10
161
49
19
14
4
21
14
6
40
22
183
17
51
20
52
1
14
6
65
159
8
45
12
8
31
3
38
36
113
52
14
185
27
8
9
17
44
4
22
18
17
88
38
9
4
27
32
14
35
179
5
16
15
2
4
25
586
2
28
26
95
5
21
18
61
35
87
21
118
22
30
37
6
15
47
43
314
8
4
53
30
14
44
131
391
33
24
8
27
38
80
44
26
114
53
36
2
148
43
4
7
135
6
2
17
94
31
43
16
8
8
5
2
17
15
6
3
47
16
85
5
78
44
28
6
8
42
35
14
367
4
1
18
23
6
18
29
7665
2
9
54
15
48
6
27
3
2
32
19
66
2
29
13
17
11
28
77
13
34
47
152
8
2
6
23
15
28
529
55
7
8
6
415
22
7
6
52
65
34
120
44
14
98
674
238
20
8
92
17
1
1
36
152
6
10
29
36
23
16
74
1821
88
9
7
19
31
7
22
7
23
55
29
4
92
576
7
32
45
4
7
14
22
14
91
24
18
244
17
11
110
26
13
9
51
8
29
37
6
54
52
45
112
38
8
6
17
7
353
12
1
12
14
13
35
15
17
3
10
11
32
62
20
9
29
9
8
9
67
59
21
308
8
644
14
14
19
46
65
62
130
45
3
406
13
19
3497
158
14
32
54
32
23
5
53
13
16
25
7
1528
14
59
30
11
11
27
87
20
32
4
18
1
18
25
22
16
4
7
22
2
25
38
180
29
12
17
7
40
54
4
9
4
80
18
43
9
14
28
23
18
12
55
7
11
5
44
22
40
5
23
9
27
77
18
2
33
1
16
16
25
64
105
89
41
41
15
18
48
9
17
4
12
19
35
38
3
674
65
24
32
15
27
15
57
11
12
27
24
29
12
17
9
52
26
1
56
20
9
33
70
6
47
12
24
45
19
3
17
1
78
57
1
81
24
32
40
3
46
13
82
43
4
2
5
104
40
14
125
829
1078
25
44
21
19
19
1
7
5
22
21
19
18
26
1
3
2
1
32
64
28
2
31
44
30
52
38
6105
14
9
43
10
7
19
15
28
28
41
13
8
37
25
7
85
9
63
11
45
9
33
61
83
9
19
79
8
21
25
53
10
5463
7
34
6
10
36
47
5
18
19
14
26
89
30
26
33
30
45
32
196
8
7
202
87
31
55
58
38
20
62
150
123
1
144
1
68
57
32
9
4
3
2
4
14
81
43
17
27
17
12
19
20
23
25
11
3
94
17
48
11
15
9
11
15
7
121
23
112
15
63
10
31
10
7
44
31
43
206
17
108
6
3
13
32
19
8
4
30
27
72
35
5
20
25
143
18
15
43
33
19
38
7
21
57
6
40
11
52
19
76
16
12
26
31
81
17
112
287
40
8
20
4
21
9
32
3
4
8
44
5
20
17
8
662
18
163
229
94
42
2
14
12
31
22
69
8
11
718
11
33
18
28
94
1
22
19
20
120
10
21
23
59
14
1
68
42
35
316
2
4
44
24
7
27
913
12
18
1
7
222
33
17
6
8
16
52
17
37
